0
137
11325
5310
211
508
4841
10531
34428
2300
40987
82368
24073
7325
999
11483
7474
90951
7929
56036
57121
25577
174136
94947
365
35056
3660
65113
5626
86695
6253
24602
167420
2788
90663
10416
1308
7883
17440
2399
13068
9040
13162
5287
72815
27696
57924
12914
4862
9469
6569
14756
42584
4950
246952
68734
21395
135
60286
11190
8570
28086
3820
141997
9496
84597
105265
11454
22223
747
6907
10104
78600
2224
8037
14422
36198
36347
8425
193
21703
24575
21612
13236
160857
7162
6675
25753
6582
26577
6660
708
24319
7620
3459
25101
15644
1010
88787
103617
44726
3617
58737
7010
5644
62797
2980
6370
44849
82192
3235
268
44506
2308
6462
6530
442
1845
80095
87534
2109
6873
68640
20276
10990
15733
20795
82727
8533
2406
1638
1461
1906
17617
177507
15358
23604
5709
2288
24857
23076
18623
21406
13356
78408
14042
207816
571
58114
78940
57741
9164
109386
53614
21469
47976
1878
86901
320657
84072
86705
52211
36402
1274
2410
1158
14379
2287
19726
5812
39578
98912
20739
55433
2281
11276
11115
11505
225
22025
34602
5655
47294
14583
3130
12248
105550
15525
974
199701
29768
54144
30928
44867
7852
5580
52095
52065
175169
127713
43692
9939
22137
9563
11795
206830
54135
73669
15765
1351
9715
71674
3882
6150
2106
68760
55155
53042
10855
147361
23946
187
18988
1193
560
83882
38949
47535
39543
212414
5132
336520
125755
102634
58311
2681
16328
50302
58018
21856
215040
16441
5186
61748
1247
10408
61183
18392
595
80893
848
6751
16052
15980
1962
750
807
8121
83441
8084
6743
28485
5468
14353
15685
53541
28698
30096
51089
121354
47612
31652
24962
28659
650
94585
33052
59644
78287
65961
57053
33611
180469
30875
54320
107457
109782
2537
3887
17101
66475
10537
3614
8518
131744
5621
9845
21500
37114
6166
96747
165511
113684
84905
18893
11119
18438
39000
2741
185
284735
3807
40575
50119
2276
24747
14428
61040
128130
113055
26446
62615
9264
10104
64090
3879
27172
513
187622
107298
7532
6347
17325
232
63542
11003
50192
4978
863
182456
76805
21503
52292
125225
1140
197389
151054
26458
16650
17116
14149
61043
58632
25844
78965
14266
31484
6695
3771
13696
34209
88972
38308
86299
76056
688
10272
79637
36445
9497
182608
143617
8539
79240
291294
18790
65701
2699
11043
20326
18327
343927
67948
152787
2541
179804
121229
79969
11259
20228
118595
9400
71533
8525
78856
58992
16150
126215
5761
174713
4062
4501
129390
41484
35600
19280
45397
1974
5415
4059
84585
17086
11353
57084
12957
85484
129321
84909
3287
173
23063
4581
25390
4139
20853
132967
141687
68566
9090
163619
18638
3684
3581
7661
48114
9839
164278
5889
31710
14581
58410
17905
5618
59350
2524
55995
119989
14549
55254
18088
5776
30706
32206
83832
38825
8105
8078
17000
9922
72574
26781
10204
196
41906
87449
179457
24089
58960
12363
102953
79627
44146
21062
14188
81961
56683
14465
7925
182
27199
46957
90952
5447
26162
60399
91948
41669
146815
193852
34927
158078
22839
32970
44167
54936
18789
213
33136
112637
18424
89225
14081
263230
18099
21952
11572
57364
31061
47149
7902
24994
29357
59066
76920
61570
41179
20781
37898
66704
1076
60641
144195
39773
24864
142234
28176
142426
22145
282827
19952
85546
1397
2670
204196
4250
23318
22452
241158
25590
3016
46337
120933
130046
3172
46373
37618
68352
52736
130593
17240
44324
28030
31992
167997
27069
30228
7361
277253
90434
11844
100510
16305
16342
6484
150212
29118
60400
71892
166896
174472
36460
34959
34098
1713
26489
122210
40312
52711
24559
140467
101355
108726
15723
51660
11468
38384
332
173795
198782
31036
8680
80608
69962
895
4437
9140
99733
168567
149626
2408
23950
28002
3297
7088
182936
26733
101757
57952
54488
41483
9700
18078
30936
25464
55023
266652
25184
95722
54652
3997
28033
52899
12641
284782
30676
168414
225200
27470
53055
57361
23069
50388
2921
25836
2906
261977
99610
81786
14918
1906
3496
34606
27331
219126
159475
40548
52874
225550
29111
16401
110943
90511
57279
131667
41244
117620
7034
53189
11667
131630
26751
96442
84629
62736
195878
807
110649
109524
37716
45721
16842
65949
47003
118667
101356
62360
34334
171384
62498
32459
197886
39047
23945
364592
157648
93155
20887
52129
82701
110671
22342
91313
149181
16500
23686
5537
42742
300899
47796
231909
15345
16278
34227
19673
85284
62354
465
37806
30304
13172
67830
15474
4195
53202
43717
58406
12322
25625
11822
67443
12941
7162
76526
14279
50269
5250
36568
137775
34967
235147
16995
10118
93075
323117
46112
1322
144223
15042
12002
5818
10352
17864
57398
148279
1678
120615
27883
135868
20295
218455
161985
14977
3937
9715
131152
35281
31297
215212
181343
8077
6470
23298
24352
9243
46808
13388
169865
52724
66395
133790
107595
205054
31438
21584
17362
162708
92651
38700
12850
8537
21685
39101
14376
58402
616
28761
33981
49350
89363
4810
153100
6246
27291
18334
41667
74056
71361
44675
7778
113188
36569
77817
2628
105307
91823
129314
173435
251564
63669
25467
121684
1405
99803
55094
41931
44572
36126
7189
23049
20002
14260
6229
77829
47883
39372
167256
16486
24279
105226
3203
88579
11284
201458
36993
21597
18679
23900
103938
67113
95745
148610
4476
11639
47395
58157
39125
93830
1402
31928
1502
44665
14208
3832
176745
205898
100335
185668
32536
149745
148633
89017
9483
7915
18501
63156
204533
203278
101219
14554
2342
96910
142257
71337
143270
3577
146258
57637
105494
12480
51908
193335
30625
10869
177368
212944
49212
361679
27561
98806
9757
24992
50693
186043
22005
310852
80104
28399
20556
19213
8623
42450
13582
30160
221574
17774
43307
41071
10847
39330
76948
35287
92159
59176
88394
7434
145420
116410
14329
181921
25571
74947
106161
5110
17222
4505
209690
170536
82013
19905
40606
211727
29921
99129
50379
156137
64813
111512
89363
137548
17332
103688
194311
94842
1460
54211
2098
86842
50791
15638
80520
29058
92283
29988
76406
57298
22839
362301
40173
4188
12461
71795
69967
40142
62912
27273
9971
95486
61947
214722
193557
183966
124901
111721
44500
153467
87195
21209
4852
156134
24471
104364
130021
132478
172294
21707
104507
64076
13450
73414
20758
158482
8279
66280
12039
60256
58263
257596
16533
104595
157232
