0
12297
32252
26311
155785
90340
71767
53689
116101
36021
86695
60546
54729
59712
153744
13738
32137
135533
57719
105650
22775
51241
156647
36175
142916
22831
29074
10604
59662
98905
78287
80998
121015
95202
47996
59142
130507
85087
63764
166586
106463
53607
182838
159637
92263
123023
18898
44249
82522
76845
83998
73866
55700
64680
119680
85499
42497
131308
191815
165221
172533
97627
102098
102224
412408
152980
257346
63734
343557
191770
85782
131800
104870
131124
161560
87032
127223
226739
399401
64259
219976
160341
97917
158141
324018
355618
85113
401930
195417
177100
127107
164378
55387
84665
129671
71638
126551
175497
175253
86900
127244
145428
91748
134530
142305
97481
241184
236815
231281
141007
157528
214492
163508
271981
157827
178096
122077
180579
292646
258801
281269
298037
259823
182817
196470
347643
506947
148372
208253
169898
134514
344239
147225
138398
189168
259546
181798
296204
286754
239472
282608
412118
231635
219873
196767
310499
235139
184524
267505
188731
351494
263779
285987
242887
226126
161083
260064
241828
198342
277126
800890
145814
431839
230597
166726
249355
305659
175950
833417
412621
285211
336803
311279
183590
253218
443190
497432
319989
177132
349896
244512
333629
230880
172646
381014
577801
138917
370641
179654
385829
188051
192269
250207
264412
399329
499960
135098
383792
455985
268075
679561
467673
560163
307257
413386
181237
435397
275412
189263
160683
478334
411882
321916
253877
248505
475847
170433
161321
706247
345057
440960
462243
320233
368493
358601
563596
393122
514425
236729
307371
317700
495844
323970
499435
383292
598071
293714
408086
556573
289273
445473
261622
314065
431773
305029
493371
341181
639615
412300
299189
509718
374871
447301
326460
216920
482169
635010
612046
443987
295730
530543
299030
569110
382911
368616
412612
253042
227016
312463
351052
310426
289715
330061
485004
538615
562593
402761
826633
438919
456653
751340
755774
360415
304029
476343
517502
581290
611392
384319
476958
758031
391080
463526
424567
502866
369717
383737
524408
367747
471069
593798
366922
523389
262578
544383
312226
537908
465295
289734
246050
296450
427506
514385
323084
526975
503284
534784
635659
728494
430276
570967
321959
367121
384395
586224
421466
520296
670722
836001
564819
547174
911275
432014
315034
509939
455924
480474
589412
412684
317354
664047
575410
455839
434890
850133
721143
322948
480182
608279
768481
463060
784868
748541
414444
1226095
429231
1109322
675298
481931
644161
654705
445374
510235
541535
767149
709947
746997
639831
505340
607387
712785
590344
848250
674924
522639
736152
607341
708910
669606
619453
819901
523412
534113
818391
727972
530734
1250804
660494
693726
981599
707797
606982
1076248
460654
746842
878500
1230705
652563
651438
1367404
697949
576595
616830
692307
872317
866357
959502
501930
716619
798595
785080
698777
731866
771043
730829
994512
1075225
752592
648198
607593
574666
1185486
379640
229131
639719
975698
755808
650281
1317186
868575
1168140
693244
687886
912735
885839
521153
865894
869419
637463
584204
914497
904027
1165190
833345
601511
773553
1022597
640650
877345
702856
981591
833020
678627
716639
1095111
893017
1112659
723649
631477
821060
1019029
1101776
1063203
1199763
648432
751410
1078366
882193
901137
780093
864756
1088406
853931
747883
679344
1325274
831084
672166
790303
644628
1052917
1174329
1045558
768813
1019210
868674
474855
784665
1053984
712905
894715
1250146
640717
1025348
1005895
604189
483867
1363327
931855
479710
750059
704190
836989
1117847
1206187
898835
1196977
830161
1076108
867872
1094618
723285
1047771
1030741
808393
1213120
799209
1287212
737807
996548
726007
1205489
923653
1461052
1020739
781752
3549070
1112650
1680541
895207
777807
1170220
1734622
836576
1157130
956975
1145788
759837
934486
960680
953470
1161064
786136
1264686
998518
731340
1205318
1073182
1014036
730657
1123922
711198
607011
760174
1108229
871446
1356116
1307935
1073519
1411337
1368740
1399222
992088
1071841
831021
607007
926804
949117
1060358
1129211
850947
1139404
994017
1329067
1165932
1049194
1403540
1332521
935122
1167566
1387767
1329769
1200309
1187473
1355359
1208492
1452567
1179385
854994
3909441
723019
1472527
1480242
1087037
1304490
662730
1325652
1069327
1391645
1214916
1005744
1900428
1264313
1561414
1364209
998378
1462801
3565120
1638627
1049294
1858336
2381055
1718659
1224142
1306626
1710827
1284892
1309798
1782330
4310983
1167172
3748852
1138167
1033813
1058923
1765782
914060
1308677
1001082
861583
1361007
1186974
1644522
957854
1579985
1108891
907851
1408981
1683441
893165
1056277
3823430
1163996
1080523
1202658
1031439
1037532
1008495
1648951
1298533
1250690
966686
1144762
1367222
3852275
1497795
1152168
1326615
3754168
1327183
1075433
1478006
1092059
1536452
1613575
1573624
1459324
1150382
1382168
4732268
1054701
1624448
1645686
1314105
1457113
1210635
3437214
1184421
1747753
3470367
887132
3524917
1866899
1385786
3755268
1820645
1826079
753176
1516828
1538124
1505593
978437
1187570
1283653
1019066
1809608
1481182
2124305
1139890
1202570
1627211
1138002
1303653
1179361
1431482
1583324
1761063
2112707
1940177
1300151
1167321
945326
1638649
1353587
1644217
1654713
1396085
1513737
1823547
3701711
1937779
1614036
1472106
1091639
1585194
1341532
1628879
1445762
1798416
1380353
1665574
1700612
1193118
1822090
1383166
2190966
1767928
1523358
1431923
780671
1593306
2083822
1223489
4790575
1263130
1633772
2247023
1683402
1161829
1421582
2160276
1108296
1759234
1249812
1675895
2072911
1868636
1883953
1461219
2135854
984882
2122308
1789569
1864296
1640602
1357016
1265006
1504862
1471077
2324239
2399565
1251833
1576966
1842560
1328577
1694568
1958040
1880598
1911936
1533209
1634381
1751987
1762897
2066197
1432258
1987480
4233466
2543350
2616994
1938034
1310977
1712116
1804290
2860291
1795379
1204779
1134426
1771210
1873769
1860719
1784132
1522686
1349744
1556786
1418948
1144494
1863248
2791194
1974490
2006057
1646785
1514317
1623499
1699915
1545118
1995449
1806469
1423101
2239169
2345162
3309115
1699459
1520840
1874552
1877981
1530435
1774640
2392443
1380859
3302880
2149328
2030024
2282955
2443042
1425682
1766758
1883074
2851491
2287253
1601699
2825029
2220343
1519021
2527025
1988322
2120932
2696807
2339990
2116762
1904035
4691686
3054947
5032501
2777123
1939590
1963857
1419609
1665546
2966411
1999159
3886543
2841268
2685630
4266553
3001368
1784416
1442896
2361993
2208532
2784233
2581173
2433039
4556139
1032889
1640178
2118287
3058969
1917135
1532975
1648259
4003485
2117208
5185782
1881994
2333481
1775367
5217223
1606284
2136390
2038504
5351818
1972836
2011694
1535491
2018110
1637059
4357370
1842830
2284486
2286393
2054036
2523114
3075761
2297827
2126705
2287243
2212808
1323077
2259615
2334043
2695507
2351474
1820142
5086515
2243286
3271459
2233409
2421526
1962306
2652341
1985345
2505479
2793490
2864281
2452901
2142670
1803531
4124090
2189310
2073086
1787404
1776409
1783244
1839842
1850097
1774502
2120094
2399546
4231250
1900445
1500548
2389195
2807935
1974617
1784979
1656291
1865574
2067984
1303701
1804894
1768581
4401456
2030463
2453437
2158927
1807758
2363888
5520655
2900823
1960979
1638606
2291908
2479317
2143654
2439207
2351688
2012099
4461582
3530284
3717222
2688144
2834559
1814849
2094990
2773771
2403774
3084036
2419978
1975559
1887162
4918805
2446199
2544690
2283882
3009113
2573103
2143128
4535088
2321182
3110099
2360829
2160617
2676662
1649496
2497342
2836596
2599969
1982132
2761440
2643849
