0
48164
123088
164291
312065
134592
38539
101820
874
4939
121812
154779
150184
213880
1205
6018
91863
150319
169307
374382
120373
62515
7844
82032
80207
44755
191174
53603
2191
213783
98633
751
59997
121720
78283
152876
45488
23144
57427
16267
178267
42567
226369
44972
186531
332521
97334
65715
3560
221434
3942
168739
73974
83787
89409
63826
81880
255578
76019
60982
230988
102440
129484
157725
81733
187068
75490
106415
65783
72309
2936
169671
170598
181516
101470
67440
71445
427180
494118
41278
95238
125075
64444
92917
76101
146785
201323
226366
124410
164277
64744
96545
196824
1938
209058
27331
184518
11559
27325
85746
406206
115142
2235
45124
179403
387904
109868
64843
71865
18644
1439
58491
1414
253165
67195
46649
214595
105436
249487
51554
154562
92133
76644
8456
114526
1940
211356
67309
357505
109583
516
11991
77494
1357
83862
62080
442861
33984
286616
166884
439033
97630
181963
104153
38587
136210
32404
30516
29183
120833
252
519142
63164
66399
16417
381811
104444
570627
81303
100081
81780
118193
140740
83681
51582
87506
167989
90401
360182
1187
2567
28514
125080
95634
80128
70154
118597
3032
5181
123622
157639
41649
1554
7301
118374
62086
97794
174056
190009
70297
66853
53176
158053
455637
5615
26665
801
340868
361955
97841
123982
87456
12170
303944
71209
75992
157277
55605
140234
129698
24916
134962
148324
70795
66633
161348
27725
60834
148884
63565
146957
300004
113426
93205
156528
40826
68256
60441
131253
124162
275038
87223
93879
216499
273118
129859
13747
17871
177532
47746
69159
227659
164671
179220
99420
44251
96544
156454
61637
428308
54304
127472
135767
18379
56484
146304
236439
140370
76741
95677
10565
98309
43544
68950
285113
190349
307211
19730
64498
147537
123675
43306
121826
576644
198650
54182
59814
278904
79829
8207
819638
15998
71146
477826
101333
62956
90100
26763
63318
101192
174428
281763
136288
372875
135878
15439
77524
65975
128191
57950
189211
107084
152969
89506
77453
615404
230152
64098
100242
125798
95584
111504
193547
125134
781
11517
81963
131157
438801
39442
21628
119979
107871
57126
1880
62906
243841
56071
137207
1692
212063
113714
55751
169255
76903
381367
183847
36064
29265
198507
194698
131239
81402
283558
86404
231553
212876
40263
87437
86030
44728
251095
76696
386053
19156
169330
17736
963
39874
173415
2205
2843
483109
20723
51487
53994
145277
4746
151572
179750
181953
44415
500084
11753
74459
102380
353817
79302
64657
77792
32407
272
149464
226656
307698
94790
94346
227520
92376
65039
69071
94447
84447
7510
303512
126464
138216
119918
26325
104612
39710
204871
269353
50799
1597
373095
87032
237
55389
133126
28380
206724
67752
71859
121305
49434
43232
264657
201852
58878
18468
13228
111221
130409
118264
62570
729345
280292
22108
84028
203255
69983
56984
71257
238123
6067
47618
77742
3916
61545
73733
63249
191560
127281
259176
251372
171395
85217
89156
60705
271947
31075
36816
222196
100019
206864
32462
49354
156584
258382
24239
297458
199799
256196
152115
149460
65884
41981
148235
493696
850
270028
159921
146331
158770
10696
14082
98964
310695
86172
465262
5511
7567
27462
56645
164988
143307
66966
1714
36525
88595
99851
17508
6147
1216
114350
433177
32394
17924
23667
20021
81884
125861
81415
154577
263769
341376
11431
235729
17657
596652
117080
237756
59634
18912
162122
2706
187012
93893
110062
101117
161839
523515
93191
61461
436732
303141
142005
48497
512117
292771
141508
132475
97855
176670
55636
34608
306356
4340
90884
462246
338894
48651
39575
138442
65472
241688
247896
82590
175281
52956
72832
54542
199880
177884
5625
27023
23225
7955
46395
99340
38834
1207
174947
247875
206998
2743
181446
179169
70611
88496
256948
235064
184
217654
189417
14502
94714
99068
130163
146337
73334
16288
39740
22145
209331
152203
1674
137497
392052
6111
29523
32305
544685
217568
201188
371925
164162
12565
38125
215247
105964
68623
167945
196945
19162
5324
211973
593557
58679
493037
8063
557260
131062
55173
49046
222098
10698
188657
127435
129402
352304
159970
5381
23039
55541
242655
114087
160325
306710
163132
17051
90210
119676
25487
291700
230946
228524
318958
35026
182947
21521
122344
530695
287280
68828
66720
63819
104471
51011
56003
97263
87427
151954
71266
132801
245219
83227
394018
146728
33013
263485
102970
51924
205835
61278
621248
39919
242257
68284
175059
168107
164893
161734
2152
9035
72834
356632
132324
428895
273233
9745
23834
282355
26746
7268
817432
514362
500489
372452
156558
59279
208905
24304
64178
1372
9396
382884
139899
407870
4030
851722
83866
3053
183071
85560
250908
1091
1063131
31048
175214
43331
192006
238
190583
145890
461339
51638
814555
67841
42208
426333
132634
100287
153162
142239
88237
90385
206333
222373
257443
39231
128945
61943
106182
87310
74739
146024
204761
44149
139394
84451
29003
119617
177276
104880
122331
46188
157257
154875
26019
24128
153622
71136
307521
128698
50319
375412
142338
236892
75307
70017
2014
148378
18006
43337
154254
107790
43937
268411
250812
265617
258994
117116
74515
5701
342315
2879
151043
266427
916
144644
254614
80864
422785
46868
111294
261112
33117
31018
282576
63742
188542
227341
139393
406403
16910
252274
69690
87556
30406
259747
6129
34855
186855
63089
130195
42106
233879
480569
170423
124811
113311
82841
10378
136938
132566
129792
41789
21095
206488
100183
107314
513449
167482
324603
303519
17217
558660
149438
57584
11908
213552
26458
328900
149374
269026
11182
147155
123853
87193
57464
300392
70449
143799
125009
103622
296541
160939
50672
241298
47601
118936
26490
522203
97103
235860
26218
126412
55618
57944
300396
236453
160574
127105
64058
104303
155991
315753
137357
152807
55727
278086
5257
9466
558830
320744
64510
327
102011
8442
103603
77359
182541
863
415339
409108
39267
266298
98934
28321
334716
23424
74266
47608
133470
504981
27577
92322
2857
17392
114297
319244
132725
636605
9311
54917
135329
1141
222064
51409
93115
153338
143668
210507
20896
86948
137301
35870
104307
243826
572518
185998
144209
115578
36740
216190
119816
19737
2789
1349
11610
129289
425429
111051
176113
670235
234288
51636
23344
67784
166774
30113
140827
1750
180720
137004
595863
374121
124206
106784
234921
416770
32404
102463
322854
94217
40309
96183
115986
368857
455478
84423
138091
366045
61627
214309
206729
157878
643932
57312
91780
253564
200403
792
192335
135805
167611
155055
95145
90237
137522
30363
27174
2078
443530
197397
152617
81849
151697
198778
455754
87281
3831
176950
4750
127042
89193
67799
123247
355267
90972
58093
107491
198199
73575
251779
314018
481886
93643
126797
19478
207244
529324
61229
100308
81336
315884
131845
198949
60971
90224
16890
102000
365902
130239
133102
102906
247084
118575
295485
100290
92127
24928
30844
353
80591
131043
95664
186436
199211
361318
124688
90738
193823
147796
92580
115477
132390
84944
22372
499016
84892
190411
281102
405617
45767
116808
55014
358749
225502
240380
136036
157079
543561
132784
51077
130754
208675
12170
328815
95921
163722
46575
133030
14756
200685
85561
53527
60787
175857
121484
1261
65324
342044
512350
19101
154093
140581
1482
54630
116715
652496
103689
116528
102150
120837
77617
139931
274111
339155
139933
86468
205270
364371
39397
264879
274665
38719
162030
39734
51391
310656
208500
65819
483412
111035
101283
121637
173412
102486
181355
151565
226859
279463
46567
184980
224418
3909
116135
302237
104876
1480
81150
97301
10466
492313
87707
97336
147998
31063
115138
176577
101255
143031
139781
7133
106124
22804
241648
59671
201647
10560
204796
187327
134930
144828
114124
72711
104139
523542
204999
187522
146758
142134
66593
328
48315
56964
191468
9654
65378
715777
81294
84128
2424
39791
145260
417
50506
82652
253689
123749
2994
119108
237862
138821
15925
64046
236866
148756
89248
33762
93357
77467
91071
62799
45214
209849
7929
90376
321813
214750
51536
45038
96234
22949
145230
211044
68280
131617
138570
113618
129736
180603
191116
9361
87083
98467
51011
276196
347691
204
189188
189276
113687
12155
187531
39308
167292
176131
146696
261439
79352
210087
116508
233442
186679
123372
4272
46120
80983
1374
53669
161549
361751
107286
84596
214588
88899
9377
92940
4190
41147
55263
209867
78337
193696
59143
243365
172093
99128
81665
417773
245055
56011
244730
202547
139626
164279
134760
401799
90710
3594
99216
30889
81809
211903
37280
771
72927
890
218774
72372
135216
170124
166187
31311
215089
48751
131879
148726
63569
3055
172474
117534
88190
217258
128694
312602
98715
21375
67314
70592
84399
232917
103128
90971
15612
256551
118579
97931
174383
107299
28901
81002
185294
14884
86746
762
86957
216336
200
193697
123894
60938
457603
67786
613023
16598
41183
2656
201500
22963
55920
88617
158581
239391
5181
193982
57862
67603
72706
60637
165234
84234
45470
261759
86528
212331
165543
108127
50670
143239
106117
83187
60521
174498
53676
65171
77003
94847
44951
269593
75829
85596
35159
559703
509333
327982
121886
134711
97224
296479
72453
181505
21940
58248
336225
127859
69076
37489
81668
148979
197978
145503
208102
204206
136036
93819
206044
136738
112892
11878
99425
250236
28096
68401
92600
260615
48265
53317
96041
194802
158553
60654
71481
41763
114418
91869
61203
142005
125809
262507
179754
106975
132726
103746
69196
141240
151987
150260
739943
2177
566415
49218
143667
142605
89060
48299
256503
169659
87261
322930
8024
158918
161369
275067
126111
87337
71000
446241
33452
33911
53262
153251
413168
1351
565463
2086
150794
171442
139489
46357
200887
206814
247462
362187
185398
196827
310376
630788
68304
187282
167287
117181
90144
44254
453
65732
112419
3441
73888
114294
89729
136782
144115
125283
366097
118642
199553
73581
54072
647471
41762
674
155145
237286
868101
102404
179662
42378
149829
260593
128614
271483
154699
54253
52165
205857
116367
183755
84052
77337
295059
37073
51877
1450
19753
76353
10684
99387
43259
587920
369515
210034
115251
6710
45451
236623
74084
35034
100231
35395
130230
175853
178496
112773
293293
114819
43472
416228
2157
33880
760614
153833
188262
58228
51185
5089
166484
147362
866
190960
23078
3452
68284
112749
83398
14074
196124
51143
169688
5082
59625
49829
182592
164919
598644
57311
145345
42184
59833
279988
102531
487685
78275
167067
73317
113170
80940
82872
171237
434688
151344
41395
186493
43369
41117
598774
912009
60492
31293
127044
449709
348464
34015
107511
334546
117431
63146
115137
20110
800388
340629
330344
29051
78499
92213
54421
26631
169938
18397
474377
106488
158902
120610
81189
212545
124249
140004
411185
49363
536523
2327
227621
128859
147542
132994
30169
158847
116426
62413
123858
53788
32770
139748
3108
139608
68743
125676
243625
119361
50876
121636
128023
662267
256414
80317
104635
236357
201221
245098
263418
104149
114997
154812
103493
217216
244
58928
80084
11135
69469
96045
81121
93115
2182
10818
51813
125442
100454
248211
106755
6584
145086
168143
206853
217747
49736
231223
117342
569245
31899
11694
209526
131409
59647
217096
411575
53267
16273
241496
97863
43943
3290
120231
111320
199345
78646
66673
146899
249660
144557
247905
76228
57058
152121
200
108819
314950
990054
208142
604380
9130
74819
237204
183626
14463
233197
567128
193561
669608
181344
50027
143130
64755
32622
142039
332048
48383
113312
132774
189200
126757
116696
57831
65031
108044
111885
500
371902
31072
18727
80981
44709
97872
25933
175151
72004
226149
119451
9761
51046
74198
82095
377133
161256
105409
47013
346313
60065
125722
219062
176084
23887
94386
320498
75026
21706
59829
932179
301406
136315
137686
109136
327060
82200
165826
619387
150086
19992
73639
74210
103628
200333
287733
55719
135513
657953
172527
164869
54678
166089
7054
614056
94921
112925
325
126678
163716
50606
106770
19486
309444
228394
76188
151092
114580
249418
207683
868036
272024
119186
175754
102089
144913
148242
177615
7301
150707
24532
140396
104874
235874
65155
521
97024
63199
536337
68112
43241
222540
202818
62361
92190
322937
71226
53004
540738
271883
1420
244534
36488
21652
59201
62058
115123
52889
74503
59162
69333
130398
85113
1369
257633
56516
145882
51277
62714
49533
87115
217720
44916
168787
105194
746024
374937
33764
598574
208506
151788
522016
116990
87158
70957
530142
170526
150540
239907
113043
211665
64832
281033
103177
159586
15757
116577
33577
500744
453270
299568
51191
122602
112416
143764
144817
155006
62185
55260
143344
358425
233221
18640
119234
132121
211026
67854
186382
33556
49161
62563
42084
6780
58292
1997
290989
90411
247226
157872
62365
683119
257724
97075
669
81045
153652
76813
94298
3527
224230
113974
122832
231078
57534
187186
446528
324226
191945
281410
69137
110087
188145
327086
59135
469310
36930
79717
36187
205497
316452
106053
54533
421855
99749
76968
62607
128595
199912
63584
23042
278524
68745
397788
234086
53376
3139
227440
30058
2062
13959
40752
140438
22199
111107
24553
35541
265067
320212
644656
137700
97708
190746
53653
13653
304279
63168
113899
155807
140963
341232
29410
106471
58738
132115
163068
5178
31121
40794
17918
68943
44044
367845
79703
104830
66727
702610
191590
97089
13397
215764
145173
128592
317523
92671
6764
203283
221451
104109
169035
3670
206107
178355
95780
118973
56145
57270
79327
234949
254273
11833
2656
427353
90771
39889
211236
85747
61708
1008
320579
154690
109616
496030
276616
296876
137143
372727
161043
61048
73078
84247
22389
444245
101926
257572
13256
330498
130417
36645
189483
74573
105278
68407
236439
96016
87393
132572
73571
99557
15331
249564
76438
33442
2077
146936
171587
7111
172181
121687
39475
32046
244466
30518
62916
219793
138576
70462
69192
82757
224262
40449
49648
257110
165930
170026
53040
1969
24184
91285
159538
181248
197343
209663
328564
135204
1847
127293
223616
257402
164907
221170
155272
18098
522802
138484
48872
99427
147999
886
196242
167912
97213
297326
355434
59666
324935
242419
63328
374076
9012
139803
391507
149082
174706
27647
302966
216025
139312
15931
50471
76896
209211
963
110751
50415
102654
272387
286781
378682
2700
327631
51514
154384
245726
108999
94754
38607
23633
283091
177666
191844
107360
91532
57528
4580
153990
88031
319917
176287
113753
151407
19155
144390
84523
180262
12017
475004
63606
217844
130563
114444
126235
68192
160847
46558
103324
60323
105582
22062
32944
353048
62154
202923
232113
167933
296736
44497
127392
140138
830
130945
66370
23136
108463
352632
37021
10880
76925
60363
122167
151788
245477
174513
93237
64345
188139
205993
153667
211922
21294
16300
136802
153979
12948
403289
3659
358153
114004
19364
658
180019
367708
185142
171034
226669
31573
321663
9667
83861
89050
373421
199078
287870
270058
313002
42692
18752
1166
104635
151629
128841
233902
100591
564796
117476
80924
225604
203960
205579
143706
182061
298505
155160
83335
153314
466663
125858
287492
206957
80111
435429
260324
58760
151473
21182
73109
186119
203702
501195
26657
76746
272818
40097
118254
345684
75608
22255
223050
116640
182128
554898
304102
146356
161973
112451
20161
51488
158847
76937
116517
146252
64407
70679
116293
304242
104967
163979
169764
86506
266683
157886
144313
133214
69544
594086
180171
163929
190745
142108
37035
438775
6771
19783
47029
159110
51842
308482
111129
159088
32479
41165
80830
67030
856904
117675
88775
71912
22785
58586
119227
99416
223802
119018
275384
12095
316399
3797
26242
225211
193198
129017
194256
101811
182255
162997
130967
102266
70184
175090
271234
199516
103844
294617
604397
20654
312158
115270
245685
107451
92597
131514
105175
205340
234775
113675
215893
570860
93030
250367
242224
4066
100490
161577
69724
604467
64404
48600
7385
130245
57656
82194
102468
237699
83464
278361
91500
225455
115073
186181
191360
221614
79014
5553
91291
132223
479438
173222
158206
62105
96943
213925
20912
22947
147535
244702
41617
148045
14387
136001
36088
110931
169161
55936
208575
221467
41686
77051
38238
11087
70067
87238
98948
69460
152881
358656
353911
75146
88797
74360
360216
123965
116923
853
93029
1553
57552
50267
276975
152598
164116
150919
47125
90253
31481
137624
14174
119651
220045
208763
187771
153197
54562
28931
72206
599727
144032
240951
105597
230258
3009
119237
9222
208339
624558
124820
12500
202137
187889
294230
34279
83434
3696
499488
169231
66632
81992
122707
277505
75763
139789
38032
152795
10436
61271
261487
169814
57065
54239
148827
120977
12664
539129
28053
171096
120571
138922
45938
266307
48841
353566
32960
53452
15057
325224
232360
67004
54412
35664
29329
51969
325405
76028
172576
108069
187211
130176
36251
270974
52499
200509
132293
204501
155520
145143
65384
16821
221065
264815
342156
3263
145516
52966
486391
103320
100601
166377
12021
124489
169419
690814
220407
70742
33568
58570
216163
274515
192920
153803
51230
771213
19244
139647
185644
429687
113210
69398
6205
44461
10002
60949
87641
171646
2484
195685
243808
95730
97552
646188
114452
401275
407958
23714
227037
42187
118237
97227
705238
61609
7417
42112
167378
27727
20941
120195
484300
51364
139248
180399
206950
108226
49290
5625
374087
71321
84019
234727
190548
85361
392240
119516
234244
36738
142715
14713
185987
19859
23885
145623
95706
172601
144819
60322
162433
397416
272198
125228
167371
25685
5441
31170
560493
405097
389381
122055
151943
109349
224402
75471
543639
145332
106723
200000
205847
195577
303043
123752
39580
99851
139426
91628
86975
171061
100288
63084
280838
64821
133844
290886
198689
121429
32216
169924
127579
874
35180
51269
44676
3728
25118
171748
48716
66794
98008
94733
146068
307107
35009
127651
325514
32595
793850
202730
86935
160521
484325
81838
109148
129681
181985
97078
147946
656212
159008
249209
182418
272159
33020
90177
48451
79738
328598
115269
18644
105708
112333
69595
32429
143275
18483
48722
142128
424550
534502
650
96572
308500
36701
322599
173094
235702
463304
260586
73281
177252
361626
192839
126092
68968
92538
273210
373906
139791
383131
36019
62090
209607
208606
75550
132558
217751
168545
109473
158093
308244
366445
84692
56197
110115
208112
34525
93817
30097
49442
89541
54584
153681
106617
328695
199354
322896
117424
59598
500976
84585
58691
139660
28890
289461
156388
4004
206571
19289
812969
26868
50023
197439
58561
354327
1499
9210
14577
156489
276858
82661
252940
157604
1517684
34133
64762
15051
108677
129128
320189
396757
44591
12596
65675
1207
154216
126469
5424
249555
572412
148946
303549
57772
216669
105959
145429
43563
197239
108189
138225
245144
141873
2464
180266
269977
100390
195308
63095
548145
176509
126235
198906
791
106891
368164
104052
190078
264625
123750
178625
139453
546669
213386
323183
102300
247078
176856
439045
90590
131721
146524
85816
251830
292414
90852
126252
137519
1574
232057
49238
242093
69326
238400
212224
822638
100075
163887
346328
341265
240194
120208
76435
170236
74606
631220
97545
50157
119040
107547
105175
37918
618296
633454
152620
192008
53281
124303
159851
121663
137164
42558
51946
52815
13715
34772
631417
94344
93050
180716
220234
98178
196307
104915
42658
270175
1272
400195
526631
263318
407880
246694
45873
109489
192845
598226
1100
23992
297266
486651
210852
106276
258397
143347
196696
70206
347586
300477
86539
127859
214235
48440
154598
173971
237089
74016
362786
56120
19541
173099
839268
283403
245473
350914
5732
309775
75141
79167
972
119285
304730
814272
192279
143558
112361
103206
128886
387891
214383
61414
196097
74785
63676
327154
360645
270177
263669
307228
112256
26582
474742
225848
67620
110831
80056
30101
319357
167391
136105
195132
2779
702155
118691
94178
119581
118245
399084
232501
144481
99584
211305
96988
826975
482957
119198
100576
392012
127809
132846
378768
357833
22276
72105
3400
142715
154249
322034
84546
78130
220476
674329
162203
26512
107319
657735
65021
423681
56392
78505
119097
1614
122519
136470
625615
325569
254264
49345
155411
94329
215662
167007
132051
160450
315840
24190
24457
274798
326852
19757
108142
75402
278278
352633
112629
141746
57966
63187
174680
95415
75635
56771
56906
101812
123938
50033
1373
255137
211149
59890
640828
100766
186687
23678
124779
329215
299917
2282
78264
25913
120149
203098
101150
314689
42008
73271
159794
240360
135405
42444
307241
447548
221165
172189
43673
199813
84268
106380
877643
57167
70295
133969
247823
191543
275188
113300
144481
73257
140002
36371
170593
152344
105958
2981
227032
480525
254740
1053
328596
264873
113524
80874
334992
928
101717
110036
384030
19270
373944
3370
519890
9101
131278
32852
198509
118205
135189
120803
210420
144332
172888
146169
1089485
75475
2246
209421
161178
81680
105828
182787
81986
28214
107655
57484
85070
172511
324871
157809
134896
94298
154044
881121
100310
215893
21736
216608
89774
234199
119585
127876
294322
4379
179406
244733
487474
160733
56427
145785
229319
327854
81063
16593
329549
5942
284964
113855
32747
241244
8020
322729
487333
252169
15520
24381
231348
59109
221487
141974
47066
102735
81277
183357
203535
141680
181878
75229
39574
212609
283412
56120
29855
52860
59743
119026
4242
156220
250214
199591
106261
15566
376769
278489
129649
10925
134172
168459
227763
62433
61201
49353
172718
333899
174201
313380
131727
94310
556692
461358
804723
166026
4911
70708
216034
91435
508398
73574
35452
314396
236789
617503
50768
44847
336104
356403
477776
106465
36871
31663
133670
80735
124595
146238
118153
168103
320595
345242
9084
64899
2935
189147
49128
179863
405
262140
90845
64854
323755
67871
201094
41901
181666
324912
111881
288557
7381
114148
158164
159167
247142
253363
195197
29033
126854
106622
431766
234153
76598
221315
100306
133010
243470
94097
156733
230725
532500
198252
81690
105574
154258
221231
109519
436777
201801
219569
131405
207828
123634
42981
534191
342213
101775
183534
220630
162669
221161
19484
83482
4940
309839
74864
25270
180685
49868
496919
54995
84343
294486
145581
218472
179199
162804
87431
71822
59399
185851
342123
339592
39134
362394
4454
270653
183541
650540
197645
278721
100574
375278
94398
101506
5636
144415
21733
182143
143224
174844
110495
177193
170975
158092
87144
7982
67165
60319
102869
115200
30351
145415
117208
111582
162676
5860
266843
88501
687485
372216
225475
134777
218119
433971
230228
60098
119295
230540
181358
150378
72615
207105
245596
119788
181117
263818
114594
87033
177922
138350
13042
120578
293191
116767
193218
76998
140420
159859
131326
139984
54400
337126
145878
55833
347959
253258
191802
125434
308103
127654
93003
135257
1447
19241
194887
244959
79319
276859
52757
4948
95339
119146
172329
158028
134238
233665
77511
258200
135140
180989
300564
54996
207066
79087
173465
242650
226102
34733
248476
147009
189255
576567
74093
36393
185327
147846
227053
94582
427639
110221
519539
116443
166140
110568
15138
367979
103479
277185
883
49508
170723
260380
134326
23724
40852
3493
44261
201487
83369
897492
197687
204268
430325
167065
94364
93580
62514
947737
100221
125802
797969
386820
663829
169187
114672
237797
72556
230706
254978
93138
187558
50396
124912
337939
722896
48789
113309
145408
170998
197883
163242
76729
883485
67057
302946
592596
77764
32795
276636
44833
471895
288024
192086
205083
188399
335522
156202
274134
75932
125356
206743
67996
119298
98536
85104
167163
169716
211857
174750
436089
145782
66868
152854
101895
31027
45315
133816
157708
71365
256446
187772
311583
271586
209905
253122
117689
10663
144012
216913
402796
60804
5140
816436
63726
324333
376150
49955
474905
59416
356682
58212
573323
13902
71843
244775
125037
532503
111800
137873
372103
141376
188895
68721
105967
45236
85563
137678
95003
356816
109132
128385
117652
36633
297129
216515
112553
94486
558788
223875
34971
141395
113664
35735
208368
98484
149845
156424
138343
130746
120252
56549
125007
96239
216452
132250
227242
81264
67608
105912
96037
90728
570795
40335
403128
521228
125029
251611
256741
92750
639388
95644
104092
94173
162784
188179
80688
83251
188403
104200
290365
155960
193283
280954
70335
905
20156
423084
217427
371788
99749
197702
58145
104611
105537
271591
149682
74783
136143
50764
257743
328563
114417
80182
217269
29931
41467
258813
341608
340001
138336
285674
406199
146715
197782
179755
180433
1467
26513
3850
76982
119947
417304
311343
181002
315117
537000
239986
29418
163878
20578
105230
25230
185480
127472
367667
122074
107511
254658
240348
531051
204798
149450
184808
409681
126290
143769
57983
634163
101825
141846
286253
199413
598267
1208
188873
144490
266193
263200
75387
224726
217071
8397
45673
408164
148617
3585
172573
328451
838622
132878
89090
2736
414395
213347
6009
106361
140956
140942
102744
121533
31021
94736
23733
174927
75500
622530
184870
76079
90230
57558
389786
18171
16540
115106
125219
204900
187097
346301
146246
190973
223654
106863
50233
238247
2578
126418
124476
111097
164347
226226
151222
166570
190664
160471
136621
51055
205230
440438
28857
54906
112071
95708
800
522929
25933
140811
191524
169449
187955
302129
104874
28761
679844
63959
123928
239024
20061
265339
313894
144402
14673
63895
334825
116199
508341
82871
282840
25977
64932
62511
142424
4039
556308
695311
93471
145104
9828
333606
203042
118332
469748
64636
58905
139767
52043
53468
219261
350115
154445
53049
140611
325630
443055
409958
84935
204338
137899
152811
36744
278315
195104
69143
124246
43494
151948
455967
328367
95205
91919
433085
12017
112380
115019
9091
373245
208604
134869
167233
90345
145624
44931
414791
144201
259998
66379
145115
270903
159718
109291
160844
181553
299311
93462
156691
122879
150430
225285
496342
177152
462470
180176
331085
80271
75168
94777
3870
200635
58818
262580
248668
654042
754336
185070
271507
153314
181286
237305
247323
284777
97296
113079
131680
96198
158758
311975
268346
234899
146453
250342
39348
60881
13035
138375
184350
571
80836
76984
117399
45353
262241
70617
167773
77542
216817
381947
248695
267785
112297
22322
175894
202451
125909
177447
435883
87208
165186
207477
316526
3701
717628
85901
16029
103840
373953
66280
69358
4286
148072
131326
270789
201108
68540
156633
93270
69393
214383
815460
79933
83764
770720
80702
493482
242984
6263
215971
586337
257571
212436
105716
146284
74980
52567
180394
275528
140167
76977
493037
598959
132540
297967
111795
204341
225822
317229
172520
140393
597646
193971
291017
82064
197327
193392
463166
236240
35314
168878
356907
108446
200100
290453
69363
74066
178426
247111
130318
269010
37282
581524
44353
96714
323422
128669
125311
1073822
4929
6872
160161
147915
136121
461422
395547
444528
54515
221720
312523
85599
703894
77535
287897
448496
43980
292726
6551
63352
620283
129525
450156
314134
127575
153015
53689
32425
314487
127853
215789
350090
136541
25138
133519
275056
190783
29606
47426
11395
183194
338143
123575
131175
117134
91137
332092
134815
189963
109239
59971
65417
149597
154260
55059
141960
105919
212200
34124
48592
151708
172362
290137
90996
89621
260272
220503
55598
181848
224664
86894
251525
86638
264075
423625
104735
660174
214648
121919
217744
105581
28131
175125
572947
407749
237806
202577
103406
133155
110202
2268
113279
192100
154409
121254
52087
67391
299248
172615
234299
126117
98207
156928
88620
96425
12303
552972
520941
372892
76025
222626
450555
153252
138725
131888
109893
167900
510402
409640
367999
120090
254606
89632
386045
131317
40581
110807
202547
227718
309134
77282
247233
170308
176982
297245
34796
265291
121285
153631
68535
36250
245923
207840
125485
124625
3803
248039
106370
54734
374342
236770
84351
307789
277362
67946
120928
272406
243525
66277
126142
213744
12885
66785
73404
282059
333791
152939
108058
176054
66564
523810
330218
147360
178734
165144
53582
187972
462222
167715
127034
255183
166985
117999
151795
91211
612191
101895
643132
300099
57042
307052
92387
2540
452447
32747
53290
36162
208158
571513
144131
146343
129182
172870
278457
238455
146588
137950
810980
871351
90490
100342
63751
176856
192816
169123
161695
142154
151071
58384
215480
188855
28894
417281
139980
325520
134163
180847
123884
660863
212270
2131
20664
24071
100384
288175
164985
238146
190193
268024
183073
68676
343961
171958
72502
184144
79227
8221
835701
156565
32343
113220
76458
218313
46907
5125
24955
105273
227558
159770
13882
97906
191387
674023
194534
183836
249307
135709
280447
116220
1974
272793
48627
79521
325017
109278
110842
894284
97840
194706
303013
86310
122401
276734
194602
151663
277823
190238
115126
517791
14607
144462
187855
185251
239994
88915
211873
296976
496986
318797
185612
158972
84275
660476
167454
241411
490297
197792
284441
167215
287552
148072
46791
108791
109976
22723
10171
85523
10503
109799
650362
277275
220123
303673
4258
51311
262994
10010
170136
430863
42745
64584
91221
656059
194979
11685
75045
66802
266392
236111
131672
214843
212978
95214
26073
193451
95728
99792
558389
52481
224320
77310
79957
371047
230841
117148
153371
103344
78229
198314
187252
275478
88166
117440
63447
79722
138092
9807
141879
126293
625861
128885
678261
58638
220435
82101
191521
56516
1328
182994
23771
14830
177281
251121
107966
64582
209849
398670
56367
293151
128115
289679
73540
1809
940333
271724
83960
508785
133265
99093
152497
242826
192328
10651
152305
78391
343127
32250
279361
264305
44047
629209
129946
256821
233135
39307
351258
248136
449837
70042
233825
167824
27315
695726
117019
498397
118396
232626
63455
145879
159648
163474
173961
120935
95638
296983
141883
1813
128995
232332
201803
188690
335236
254093
693820
434804
258042
223939
214909
239473
27874
226838
103726
296286
125586
117016
49552
56115
103620
60455
130060
223161
94272
125037
197661
512022
137176
177889
68374
407289
228
184645
658656
88399
383805
172794
139749
113001
505977
99955
97749
252165
154959
236571
500052
98191
289023
222938
142437
71703
298861
218162
198027
57705
90928
265146
135259
555007
147801
240308
528124
529434
43049
205928
136702
245610
403302
373904
25306
673212
171863
100389
37671
267434
239709
140665
290806
70820
82541
103557
51559
183640
20319
137361
248487
59582
116610
95761
64196
268784
565577
76617
82112
64101
211585
464946
458654
153561
257376
134912
243426
157077
133249
81930
214727
625007
199370
3788
136954
76849
92279
113742
127123
183312
118592
209212
104281
1725
4969
16194
78986
249538
112390
45138
384205
171092
125617
49775
153136
317801
17721
215022
42769
362630
17460
41156
53542
427996
469
100228
92351
36949
380112
110413
175376
362307
170572
108112
10652
18690
176011
124912
115847
278468
133110
219029
164998
164680
642788
130186
6970
136339
186886
198508
42944
952
424545
76761
41974
209687
33601
147517
38337
54820
132125
180953
270274
77667
82682
286521
361726
101063
196814
546156
112899
822632
319959
95370
76891
335543
350870
305650
55217
59359
287777
187761
335691
150570
498182
520998
202349
70686
115802
132893
143578
54463
34999
328537
107205
301309
311002
40801
142518
65139
337655
139531
118057
55440
365218
231430
627277
385709
177498
163532
75052
133519
206249
120697
273722
168194
111337
3014
255131
136224
377499
88803
640647
190996
217647
476247
89784
129752
43972
80362
149930
69019
65858
49536
180994
101272
551532
120914
205302
190013
95499
18243
13228
184702
95898
222997
185925
100921
120800
261653
81321
37038
179805
50886
381877
136388
223836
224217
3488
4160
156343
60005
100908
223173
132297
40933
17520
608573
191249
235896
298485
282853
31059
44289
167324
1759
16929
282345
109843
129538
70089
266634
111882
166555
175591
214358
990227
155371
59562
192635
194222
136303
39121
187800
570177
125010
113483
3821
125390
58693
242968
505428
26572
84518
232591
79149
166326
610468
172392
206391
198783
504140
64949
277400
295418
401335
196169
309175
334557
427195
294840
179596
186106
194104
169328
47798
386259
103345
113697
231050
598363
134876
16942
143873
253282
154118
168878
63397
112050
205694
208732
1846
564276
598025
119972
121511
4796
173778
324201
164517
456855
167806
214253
214099
244888
183980
307501
113898
149770
45051
316286
61162
92654
168171
154146
135381
275882
159439
3578
467633
58138
275966
51716
164965
97527
188869
311012
143599
632295
67888
152822
243141
155055
270141
190504
7837
349828
140730
166461
92355
141966
61942
474287
57909
829260
185843
56463
279148
486025
132873
317926
136573
95501
70636
156164
125697
315551
118507
153406
129401
35852
164802
207157
93597
191655
167849
280400
147015
420760
72200
264560
107481
141258
182979
193103
197365
761464
79683
285106
298668
106983
43039
169214
104441
214423
114946
160229
293723
190923
67985
84663
47537
192231
261463
115504
197827
28090
190539
687100
64470
125604
41163
211718
99214
66277
385100
135304
213515
280984
225833
59346
279980
122830
279923
439241
28352
55791
133728
64063
59758
47820
181735
151959
82756
149774
273498
586916
72428
11308
85414
230581
78004
84363
75457
246460
105100
295085
403223
275076
88539
177802
139809
137253
800163
308762
265093
102523
54334
96386
268087
66642
1107190
160908
312793
98943
119712
324915
235502
544089
61323
12103
40424
129006
64677
165490
42841
159699
173679
152306
63087
209847
64182
168136
148067
101216
607377
20327
106659
311037
244654
25797
201041
19211
336424
538294
61885
44020
130261
151463
339675
52344
13569
26863
610314
888
106545
59500
136478
366799
127099
177607
181040
168783
106279
353980
201414
218021
28107
461910
147760
120922
129145
112387
220414
151337
148795
242808
79152
41998
247412
254546
255627
209735
220631
545333
128983
257417
110861
155758
213284
735729
115282
241245
339187
44142
234434
223986
343452
68354
87111
287879
76773
174686
130643
86443
742152
210431
367081
47001
467073
610403
146929
321828
53465
169778
69449
37831
448209
181614
128777
15172
155158
4694
82057
108048
41179
203082
185599
168664
782316
168612
231603
46868
149024
541735
133315
23026
23315
574671
227394
101231
107277
161968
331249
208838
308744
212069
476403
57984
128084
239875
3106
116303
155070
24894
194633
174847
203109
224083
772104
147112
237024
354286
185066
56108
63696
42869
186450
153189
98971
233578
454286
427642
290942
34877
143835
87187
267767
86003
227555
676646
420369
173219
130390
325205
20232
8975
93369
47888
569784
139022
18817
69620
259466
164762
182058
223869
229157
37692
250651
55937
122888
159652
133016
36040
755504
484132
258103
191867
461795
93288
69466
144878
124166
127913
333489
221136
187929
107308
246219
417518
228553
56642
94385
196420
761633
70926
8294
204255
266891
374361
129745
59258
118339
121131
174932
454656
302699
293978
295313
211824
115203
102609
416885
2368
129664
512665
71248
136562
273195
93940
458403
105584
29097
39929
736091
258418
346000
261239
279743
275109
223255
84749
428042
188612
33705
144434
123186
462442
74662
273511
359353
31214
109396
334330
196458
183215
622948
184049
27104
320428
141621
149330
279120
440394
179245
186094
23381
42812
102682
634037
64774
430501
203873
343176
543419
7127
219168
298679
95164
82687
67216
503879
344347
162561
233946
6471
515558
76912
241865
10957
248700
135775
308695
269706
338971
54346
101719
520727
527801
60519
116932
540658
77006
193435
384928
183647
53019
205824
133905
90168
20250
229002
47292
75552
242495
154415
89267
11558
159796
278293
169790
306118
22570
476407
337261
146344
106017
287722
140512
148801
60315
206191
364650
59036
147393
138068
59739
642575
134536
334733
228451
51570
319934
109291
106413
545360
76387
208703
253708
1041
98241
180349
896004
498345
47653
121733
239444
122178
271402
100323
96720
113969
78898
44293
126948
112776
123692
68680
235618
113424
156709
418927
618717
258301
313785
683527
101007
193363
537449
271113
563891
262561
385248
33177
122080
141778
133456
192814
503526
4271
37222
143691
344042
193903
230420
241989
350339
154402
923185
303267
157622
237197
101737
325574
318392
255648
83208
170010
524002
268430
201525
151546
1027
64447
44052
216540
191248
7730
810546
203817
242052
110185
149227
221859
153013
130626
657765
215048
179191
202930
271071
105342
291959
35739
314376
479714
217611
247299
458714
497657
80455
121160
57706
62771
83656
34566
98360
350887
594124
124333
396776
408647
136984
74304
128883
287610
214819
347092
179406
49336
270899
170535
125634
195881
191803
152856
897
386307
524158
105865
221426
87292
79304
200764
263658
23065
520089
46154
45773
210835
131192
126035
12945
175780
250356
245931
380149
110278
141801
429927
147553
97469
233285
124729
996452
222269
58301
3088
475469
181881
362239
313131
54598
155292
131411
184260
44347
418027
120466
34796
648737
203700
255529
159187
225621
228479
303592
147144
122301
72715
37440
163978
45624
378956
174238
266071
178292
96824
155698
129300
107306
220247
243342
100450
87599
259849
8923
156877
88770
43237
420181
353172
71565
137931
66166
140093
163338
147011
146916
462432
200007
76927
385435
76752
126702
147827
7282
195532
142982
118860
105932
127622
23889
67702
323000
331038
303267
368804
284263
35712
142440
113766
246635
274607
58008
504665
548910
124445
56457
124589
318060
530981
568505
263174
60395
23103
80535
18017
4559
11169
515972
71573
650306
637097
88883
129287
130986
561104
151083
62111
394790
25569
87169
300757
263279
74663
183815
175483
177150
73999
213327
10775
201304
82624
208020
69470
246727
378184
140037
200454
340304
52628
136243
119643
115389
65229
123137
361838
216967
38330
74452
95726
71375
146037
422957
575468
320880
395426
288405
193854
423057
275213
385602
94680
133477
260593
312352
211079
102070
5225
148384
163589
268079
116581
123663
269378
325562
136850
496615
149237
75891
214012
193738
106829
221870
191550
346153
34732
613410
104556
39705
560751
133152
445590
318107
22937
300476
234404
68981
50363
105944
64508
56532
155372
234799
256442
96477
249089
256240
139091
232093
166759
19119
145210
231826
376336
299598
175101
326
174384
4838
319405
212508
140281
610467
35937
206855
4365
289213
208272
188340
704520
142741
534047
54634
421646
485523
208206
160277
95623
152558
155983
99808
181437
388566
251877
339489
124444
453633
148035
202686
229986
114750
427591
593346
205910
127787
95425
341926
158940
288882
184027
185723
52681
120498
225285
625483
320500
30281
80443
89109
397347
183349
380614
216850
245061
192513
117868
108693
186575
152819
232560
140569
195805
240830
76737
214809
81277
559031
63435
620447
209155
285390
113742
202825
77523
43777
246471
58556
231135
167521
129058
122083
867821
167404
198966
545000
41193
526006
165179
44260
248564
123425
191425
76681
563754
16241
6370
167428
175159
274970
179374
171588
246745
160427
220429
203216
127708
85468
149233
88722
109676
159692
59396
182175
20605
137885
373888
53783
114344
77602
518338
230832
109182
200429
510763
134876
252710
33741
297566
198605
190716
125278
120655
359958
184343
120793
83153
97469
206886
217102
99975
348332
256239
64324
144178
71116
56586
606146
202284
182912
134892
91634
280784
93224
155446
213387
397268
611665
81678
37882
108191
240263
71588
127659
101809
62047
112484
537975
84213
241745
409822
46264
291619
287269
361223
135956
16523
303669
209466
152671
88925
205315
96426
226302
156472
309657
256175
327554
470374
295707
272996
221107
157617
110265
327962
281546
148152
132423
130688
396208
125304
158360
216704
107008
100089
218800
257378
397770
531961
3696
302996
156489
341024
106245
274999
256020
112767
180046
81093
103717
133184
166411
524988
93271
317504
53786
205215
102900
126025
208678
321675
106292
127527
219196
5022
115805
226425
681415
58773
114745
327727
13830
442117
23127
143037
50988
406218
171231
726143
221042
32213
131485
338872
376434
76944
84637
137986
558319
190912
629078
518681
50608
102165
114293
89498
116447
115427
30727
109769
39808
17327
226055
311059
202624
225800
118895
126497
156462
304956
580341
566017
422707
182011
151488
104285
163842
38330
235372
85885
578634
172302
55342
192093
256457
144784
310119
33368
268879
80563
152428
534569
193072
324801
35548
135231
60107
175794
33258
24979
102771
218884
93899
24486
109534
130961
738812
294854
186372
443484
151075
1336
93208
268116
623814
91773
119407
461893
263511
280620
140651
78304
44473
138233
241417
308203
197232
73535
527113
114943
202292
91693
117903
121163
196055
78243
25442
38053
70717
242808
200483
100817
352797
36961
227824
576503
141062
28330
135186
296123
364261
74823
205544
141851
246844
879626
150258
238394
124984
69370
350024
9575
1034515
70090
45602
274326
143554
306453
193441
339272
115249
921987
75719
286615
98940
328605
176754
137534
250496
21319
21948
121633
107063
72581
63239
820557
255689
216912
541590
254271
233206
426496
46853
63395
583959
103775
321918
5235
206784
178047
146147
158401
110970
4578
328446
6844
172328
621072
99389
171503
2691
319694
43188
255665
481279
28722
124812
124386
76416
178739
10034
71147
381821
732300
193022
151326
280506
269313
39071
28919
221419
46709
164115
391651
65793
128044
137109
54465
239599
172206
258994
541266
79461
35415
133814
102654
283090
68308
141527
149808
114196
407570
221153
160201
16609
325302
133232
124065
72597
153373
161457
285578
383070
730606
334321
676168
137666
230326
561511
132057
191002
231632
353748
240973
362675
210619
139789
149396
109372
364846
122096
220543
107556
246603
378382
91554
145579
149245
252629
103104
446220
54631
232358
201421
199821
674296
340003
146338
168770
30957
509214
191344
119350
36481
91769
123518
326634
25511
151815
148989
15441
206435
166039
137459
291164
17240
162009
70761
139528
184658
83231
77129
246274
322797
134617
147394
118160
59754
76847
155967
1130952
207133
358211
123719
381556
328355
383383
561663
452224
97601
2819
534323
227960
125849
522919
205912
1789
130440
111611
245804
701925
88392
238690
263266
157295
24978
28369
732673
236711
109041
642104
271583
108205
415486
299454
129378
270849
107183
509076
10810
283076
69227
140730
194113
325656
316750
77567
332180
836090
179815
17857
54734
608967
183482
248277
325625
167840
540039
151425
216852
163276
275503
382294
133637
71250
291763
564860
46743
185835
280225
178814
232841
377688
176293
71378
391180
199316
24313
361039
399547
408496
483800
319930
289915
432695
65740
298352
47197
325263
257804
495243
121698
212254
235288
22269
365046
65314
275139
34513
118317
203391
202122
361305
161424
362759
67634
213737
324628
109395
185702
49119
153295
593138
91857
124949
155866
536818
161500
247419
97443
136590
185080
852184
157038
145615
325048
182404
470927
94242
134333
86161
365301
141027
182041
98219
218506
79603
159741
131807
268226
94252
489804
289297
416392
282805
85338
97027
146152
150769
42641
137117
61671
138373
303306
233475
155690
211426
124193
60034
503664
141668
189493
485373
259408
77343
173299
263684
306794
95462
474046
57006
145738
348275
268869
226362
50236
99406
114601
667410
157223
122788
77731
182733
25730
666058
358409
53361
67526
8903
94712
643689
856338
345087
1571
522654
78846
14140
622068
71047
295658
132179
103208
906065
205218
216573
158455
172732
338814
623509
147924
45157
12065
258105
47692
177959
332166
100319
79083
82946
264796
38098
240411
88110
193671
356713
159863
460895
2860
91339
77820
43947
120628
82449
305519
489266
1896
231863
105197
28945
58948
16141
193104
76643
349789
392238
157619
165689
456992
126701
43881
351100
288543
13662
162837
163417
79424
1007647
70994
66103
147274
243711
7343
358155
411855
201970
77947
370106
92184
200304
162966
26244
110962
256695
141393
944
87574
403343
181050
96922
310583
148522
112210
249948
53023
4308
210879
579
322731
216685
414397
222779
188926
143368
215049
151113
33490
131510
161244
62448
65204
481439
102729
84065
255190
397929
1682
219161
290394
119613
137269
406722
690347
66050
169648
4284
191620
137341
60581
298701
111440
406043
132329
179978
123548
273964
94818
675312
103113
106145
143828
187487
95877
263504
807944
122542
201694
329573
32854
138905
306087
190965
59560
224120
444916
194895
163484
483211
233484
282364
392690
129244
48657
112136
78851
525523
187681
105801
123254
233817
279490
25625
133208
127853
86568
146839
72322
337187
22969
93848
336648
314385
247596
27798
201139
202100
281461
828892
178976
184997
52879
280687
82961
322976
85577
24003
140378
185635
143449
247156
55148
182410
94883
102553
156347
252140
596519
266463
341075
143363
97863
169459
11676
107648
370774
122414
62848
64645
103763
51048
183335
174190
211606
122109
254591
759181
171544
115075
141173
176857
585744
46042
35563
224122
127480
49796
68091
192446
312574
237048
199665
212004
352817
80556
166058
131190
286595
340005
1023787
199764
79081
197337
632803
366822
161837
73493
248086
300741
52643
598133
53424
90957
598020
160882
145079
124317
272162
239914
525591
247729
196659
252699
135320
172051
625071
293235
168488
706454
296864
253132
99503
99380
282879
255780
14777
95862
233608
184077
802597
59081
300554
317830
262930
359397
273245
331900
227306
98031
153580
162092
70697
194207
658628
267302
55324
71533
648094
248103
542708
37714
98420
127639
221968
218890
220991
217899
543160
167742
78308
80400
149629
624904
222336
296131
97185
75086
313173
137686
161080
202707
219310
263206
223784
140970
258854
368488
160759
569897
424231
83106
46827
156231
181057
116431
45269
91668
194276
121828
292284
1001
170637
244074
245044
238098
148299
359994
159236
503064
286919
219506
313748
148326
71235
265512
188760
126942
54205
132638
160969
309800
314209
164032
382400
139495
236541
21909
133928
296013
338387
336528
696892
59165
229198
170600
35229
317077
229508
60035
761063
200296
183881
303857
408558
125544
210611
270553
75178
267094
522727
607395
479174
196870
214651
87654
27244
30208
359316
81903
303607
61527
39519
169672
253214
444064
29261
136813
206533
264195
552661
314062
187798
488222
333918
164554
182696
805680
158477
198737
77920
389521
297489
194507
132814
236019
131371
8900
535
154494
417911
135715
479214
380910
136003
111408
122210
422745
579195
135243
153329
72826
48910
116961
88521
109794
374631
288279
103727
26567
301407
243790
173892
250853
92857
245673
96684
136526
65764
144326
65682
71304
255253
58673
115672
4901
573780
1390377
337009
234441
170717
19572
465386
177339
98391
231358
138548
520234
155098
10455
240660
439558
290758
419313
254314
79777
241710
49979
744075
245715
37223
406615
197788
23084
35017
113300
373395
340678
120806
55458
229156
666180
126561
912131
295937
64336
85686
269744
276230
54100
7417
86078
110466
32215
89125
280221
110077
105572
179347
286506
89316
169783
116449
50046
160045
156654
218253
191608
191763
331807
157551
70278
308823
140191
540580
232304
141869
240095
249637
284137
90447
30586
115039
680876
453327
98828
66201
73658
204938
228361
279267
13934
245709
224409
142829
1005126
399643
139735
216769
456916
431072
82504
219643
198310
1905
492658
361761
359419
328282
309326
51220
236673
310870
89095
686783
64023
153966
198672
133144
42711
65590
337016
235321
137549
281375
272650
140434
181114
133523
275057
903625
136889
185697
216626
351368
83565
53119
106499
97093
338711
615776
44712
43886
134614
146441
324566
109055
25212
151402
577173
52460
190665
21800
304617
85094
44305
356907
163295
203978
373445
788428
219453
168152
21546
189152
135917
290504
202703
92164
262974
156670
53112
341376
89168
236340
168383
60831
211561
427419
316711
93498
76047
402773
244734
119732
144587
409345
38514
111852
85669
279688
244518
130213
225688
85859
240452
25193
110679
126435
85866
240541
216980
321814
195985
211500
118116
209207
173856
215134
140112
259268
321277
107607
69913
188183
321621
149911
470664
595986
161350
140228
126264
107511
256229
169605
415264
245736
137558
624536
157580
150050
108384
324717
412045
211547
108793
448957
354632
598910
142754
42769
65514
117836
294400
245226
343130
371173
49780
192984
82402
286681
106151
459566
67424
547567
482636
850
433039
175281
194606
147483
286098
110482
59359
230742
90145
280383
5300
233369
209020
134882
229628
201462
195396
620866
134800
264022
209719
60190
314873
33766
335208
300289
100451
386396
23720
201998
179599
227656
144434
53995
239688
92496
385320
154755
29869
145272
28506
7753
57138
310246
150550
664055
332074
112759
1022595
165313
1668
137459
188474
33703
1164368
644710
248482
193359
113016
196132
214074
299366
209310
217055
226192
22697
87475
430426
162419
164338
579754
159021
334412
411526
67792
632535
142619
249341
123187
150851
571187
98764
542057
36585
227937
255156
53946
469705
518185
375177
91749
428245
260753
225583
337605
31328
166682
18217
449160
87457
158767
152790
92149
55785
307934
159041
43702
371776
135138
280988
500913
314376
155941
159813
190570
88940
436428
185429
201149
149352
119960
490105
152146
101796
825892
122043
8890
346493
213517
183344
93294
158147
31779
455936
8849
331740
138524
188066
224163
230823
73901
180251
404988
110458
217909
189885
2639
196889
279554
238837
425394
4218
431721
341817
178678
350722
208947
96735
385603
618702
150366
145862
83776
41312
116529
700
301637
209029
393310
209860
281292
44502
213519
206915
266267
500093
258816
227338
104374
452056
113418
276734
630056
193487
268631
269000
737962
227704
111229
82748
52376
734709
213674
476748
47100
25977
117990
524728
614697
63615
226713
224281
176916
255192
167815
682220
220210
553226
81798
4128
148587
315914
218447
105512
144244
209869
291136
184906
70149
174963
520807
210617
257693
203966
184300
561877
255488
356202
94712
268409
283379
230868
570292
186645
601585
413135
152989
272414
228022
121271
111218
33580
19822
395679
141781
178662
71451
122170
289343
168473
413405
259965
179949
247221
174452
1427363
426135
179136
314754
97786
200064
245161
244570
259990
330636
19286
205005
60375
824148
464516
264115
84510
20561
52952
87621
218953
397171
77345
106122
150646
50844
133314
417404
44383
144511
85354
9864
83903
333611
62606
379008
209543
108648
275473
431620
405005
108199
63818
39003
361012
470683
245850
165876
166224
85088
223432
416218
41667
522554
93893
242899
144027
86266
207495
435887
164490
411800
136834
311015
214757
843129
634653
124391
35911
162054
78074
282767
226102
46939
89601
60733
297689
159306
320479
245924
173123
207952
273262
79810
539831
140415
694366
486496
313672
482717
202409
60597
231508
175461
52042
23542
51273
352073
161772
9219
87982
86242
235023
208417
182783
74555
215737
339893
152812
470149
188729
849497
388985
681889
359566
597179
191974
382602
239043
165944
179712
237963
229511
140796
204889
194740
203481
151746
259957
276084
197279
91206
35083
410975
165336
105465
174333
407820
165397
590683
869827
198279
121426
295855
211544
191039
573458
69104
201793
370501
165569
199652
145306
372114
358635
239887
262679
129790
846417
99871
331564
249199
130319
241976
138278
105325
215733
85116
132120
174447
152652
459519
548058
636643
326377
150995
56708
811486
144907
490745
132386
632964
280813
249546
533800
252372
459116
337444
169720
326720
152140
212733
121580
249081
119667
41398
271452
767316
269865
76300
63180
332989
753193
91313
343566
173529
311943
252272
121518
310440
247603
454815
66499
167781
289019
357966
723051
189488
117691
43823
57611
257198
124409
200068
318137
295513
231937
9494
850627
190848
661175
27956
163578
38349
787641
89302
565835
218942
202370
214362
359297
162289
141986
314502
159649
556758
202504
144992
670720
113428
295573
343118
366822
147628
209253
661347
154649
393044
217824
78381
255659
127755
236249
63950
21528
126083
94053
92246
266416
247358
172607
504821
16334
71328
88609
213981
825351
196870
2518
155979
179621
440129
162717
301025
343530
130409
224021
142182
309839
330622
272258
247218
286215
308345
414900
282192
225553
78759
350100
139387
157604
527280
337779
89653
533865
58612
307088
232402
229435
136593
294821
347489
378407
721283
119878
97311
296463
73525
283702
589222
81568
246103
248205
335275
192399
338224
250536
275023
25979
145330
157477
500086
55814
185073
649301
121997
474233
481256
81858
532307
303794
432206
118503
68347
422641
258943
558533
148342
25535
60726
237507
37693
112520
157209
150858
481803
107811
257939
260691
281874
40817
859872
115780
121411
599324
192037
191883
449011
86016
106912
266064
186838
231344
339687
172621
124188
4793
176557
515100
348743
215544
262731
115886
78523
294858
505929
329251
129394
82980
168295
206219
792759
485979
42108
94137
200200
191925
285410
76901
228570
203619
59218
180827
830033
74017
348340
159024
311711
368824
150289
156013
182807
99113
221346
27838
7798
147060
548479
320741
228301
86613
368998
70926
128685
122745
695583
157218
54227
295153
9606
60412
81899
212955
112401
45720
257137
143250
244753
168482
146724
381056
260275
594512
323498
17671
228761
326728
398196
117578
360450
3651
109412
270406
100405
255770
134605
896123
81959
157210
207879
145916
166278
126228
167368
70448
239722
377098
62319
86882
107892
53819
188057
389702
305515
167042
295021
215626
144363
298770
313312
324342
128751
606672
310315
367915
152466
71206
603963
147390
73978
713956
187854
4808
416657
113139
167120
480519
174578
402395
592738
160275
213122
191823
26338
61981
347160
114245
14051
92104
529229
462069
212940
268187
68047
169970
264786
165659
152112
156329
60484
231957
290562
206199
467585
250239
363511
91225
104356
252890
119617
373007
114681
137042
247969
160556
268547
64263
190387
249000
726792
159849
132353
223173
361243
88038
147932
351443
202451
270427
248411
164474
370864
225442
117894
79351
108394
68587
305725
166586
231248
124225
79984
142432
411385
231921
114071
91863
460340
299975
78820
313197
123030
127416
139873
820133
126811
541023
232518
772448
639692
112595
110124
245678
480311
336047
149539
137333
127362
159833
241014
144753
430218
758121
495891
91425
501206
522582
131405
215137
283616
225227
139874
69454
144592
150065
874581
146664
639043
499686
69431
103427
220569
6850
700109
154191
232933
266901
106047
694902
126121
239956
110656
60294
160775
51978
117684
191419
141442
404416
139846
262294
228108
225045
238131
279301
303968
120985
215701
184885
73778
306618
582643
517174
54348
94712
95030
207743
192309
196533
81145
155116
203115
224012
534747
4608
308144
249171
383427
34743
93330
295777
238716
80399
283281
423607
184426
338216
196808
337541
773004
94465
43578
78644
224526
327146
149027
200450
701095
122257
137152
410063
565797
205985
135435
194793
530513
171453
350852
505129
179240
28431
246996
488882
333926
69076
219998
221915
469592
1235
174346
202850
70804
553881
136288
102485
24891
150547
185353
249649
119291
202551
300957
279594
470936
273831
313418
259971
123850
88860
237167
175498
239607
487363
246750
454145
372648
39880
73775
34821
142925
159575
113109
199455
286762
133457
102885
435632
269663
389760
222808
54704
282016
197520
161417
1012
243777
112145
47352
14764
110324
488910
212679
252327
58179
469168
196770
313484
87246
129682
12345
29948
539872
143985
276848
113924
194404
64989
133682
231947
268301
96417
278724
111449
155364
265409
692484
239218
194634
407969
312898
162575
504807
198862
160866
251639
59099
486313
68292
144611
36721
218603
327923
141082
126418
61349
160713
271727
123898
53508
203613
71731
69521
390930
59327
207657
74946
124185
150081
304326
218134
231650
160769
647502
185649
104607
31471
4141
222812
272574
543755
510242
304359
105109
323209
126119
105135
36005
403249
515763
152125
414669
337193
385997
149800
384978
110417
197367
220330
529131
327477
14225
72626
305424
69598
202036
416344
250406
193080
184825
194990
184583
122615
1757
488599
217505
480781
115374
161420
156632
41849
127892
178397
267999
193161
406149
695804
232844
330346
346056
250820
203225
128734
334327
269479
115839
164996
226471
154863
38042
267876
276260
63073
216819
367449
153081
73447
306836
181351
191406
299815
80577
172034
120414
333344
61625
144988
170117
95810
203772
180867
278403
209153
114992
193443
288820
117489
597916
301217
49671
262198
213903
258266
293833
160055
114159
175797
115100
222620
369745
153144
41964
173797
46297
178250
162434
374680
196331
106984
290624
31018
300489
343386
15083
343109
286854
146098
211398
242327
389899
205146
53604
156140
171250
142801
175559
15192
481515
127854
503290
266829
106297
788793
214499
651036
668854
193415
137736
105215
100340
71470
166446
94621
279328
32890
402761
536454
248277
159963
15996
137496
210459
267778
299016
107858
178405
163549
160872
218703
177494
157144
72198
145680
49630
333438
16115
84337
120623
57311
856524
223315
206654
160964
365961
154168
289831
146044
420437
155179
635989
878097
122822
87432
133373
262560
47918
70574
981888
167826
284485
269825
455244
233403
328685
83492
458512
211613
386060
51985
116192
441594
220625
420021
49510
342682
161587
250055
414651
154790
295552
261346
356314
167027
149019
147277
130405
185918
124802
127245
287544
262140
259523
141826
373707
32711
162038
198812
339286
282342
104992
713220
407566
219082
297302
153324
233256
452672
270735
304820
173100
202860
700799
256447
95926
290424
156372
304199
216659
75408
205397
296094
370400
1592
384563
592057
376035
240268
71864
205068
230397
163969
152881
202604
197009
246829
14747
7673
238109
435072
204901
196221
232900
27587
272960
120605
344769
202583
50630
121777
494295
220680
313239
16267
296871
71051
243283
246358
227177
279852
412335
193395
518918
206512
118593
61343
399648
8172
202106
183213
77090
222647
742198
32974
187327
239709
303074
47041
145462
535137
90844
340946
194568
149076
292525
271328
217680
375711
81790
561002
430163
124211
404393
120198
250429
981846
24340
254318
226422
518969
634152
521908
201095
38259
202207
20454
211625
542661
145160
73271
346978
322297
250408
58282
480010
216196
702542
64810
368856
15393
43062
169007
438800
353339
422697
47470
83122
85600
201152
100068
572204
228497
97399
198749
695538
294007
224721
201954
256443
130614
239569
401120
146702
268409
125362
608018
138282
223608
309056
238671
225191
367987
208371
273999
325858
110854
226761
116873
298275
413491
146073
255735
305940
114167
648729
160804
129451
162489
441833
8392
139820
68181
221673
118605
106447
9375
556710
866484
308859
222254
117174
418840
209572
238234
699791
80590
253822
373509
815198
654425
182542
158264
323550
716298
587819
301500
565706
83882
138341
71323
772717
195821
141698
189885
119406
203630
136095
327668
406821
178562
262321
58909
242528
283161
203249
154256
112341
260675
601785
59988
64748
669573
281195
253723
224966
211634
412845
217908
195246
253647
14968
293544
262311
362141
198817
289022
120201
236998
259113
9531
486541
202362
74558
378291
40058
326040
177322
234540
263482
63995
142545
296422
192733
157115
220095
292262
92600
225347
73424
135236
200109
401695
417844
362196
242753
31229
676359
240014
304820
773765
171397
199956
208338
239370
444764
190178
235675
225749
148830
748957
226158
183181
246537
178202
254164
536543
215243
112604
156431
389879
153278
179311
162731
129553
168300
292549
323154
65734
238663
227659
153509
54253
572662
307691
163741
95348
157175
251255
540150
243107
106320
176595
173824
165868
154316
227605
613918
158027
270215
439169
299203
428053
207549
150869
454672
315896
412751
484277
526429
464092
71712
250309
103166
144029
121111
106002
177368
275945
336177
581927
120304
144390
287193
129170
378088
127756
529476
395632
237310
81068
220970
252247
211179
209734
342339
148041
140923
247253
104618
521042
360582
249768
212067
297586
72332
234977
148411
137698
194324
623840
397023
320758
299796
325643
21688
737459
274560
89091
300289
8260
359066
444396
240446
429163
265027
241030
185373
364492
152040
105996
43948
318370
285383
131778
1045088
249229
19519
208821
387177
286961
240772
42848
380317
45471
104318
77539
328171
158336
184971
40584
264246
271502
363293
133540
452011
83467
169799
457655
453501
110581
73928
352693
145819
252885
120034
189041
90571
346284
913611
765055
471749
224266
253927
302848
624532
318552
425051
283625
536600
392999
42779
628
173424
157732
617930
225366
526461
280699
216692
171360
650131
54612
435818
374891
170554
277977
225206
90729
126602
236560
193973
77737
149163
125823
340656
640212
268050
82712
162006
70842
212823
104932
231072
75813
395053
410998
341931
455319
283341
420591
128981
150711
394309
209992
336370
180603
801785
287486
75192
386171
214519
71747
192700
704131
620771
140234
251221
240297
85713
426084
15883
407866
31822
185730
484814
111859
338963
176451
144550
309072
171164
418414
479424
75243
406098
157629
244409
125035
34477
177697
334572
272173
198678
163030
138167
444799
1299
496314
324497
123238
7633
561706
222305
282148
324716
122924
337894
277223
370686
28186
160725
218853
432763
174540
3233
207169
345405
188782
221147
247028
108930
3182
941830
116911
730653
226964
322394
244409
263266
171330
336811
86152
109823
309334
171541
214088
106225
280374
301764
67989
502868
4650
342934
291353
352070
105231
109097
338116
352017
82384
149483
111668
348109
208262
11235
357947
243026
375967
5134
269960
339950
90523
442840
324074
444930
326513
97651
319582
279298
272489
196398
54358
778194
174705
496253
378056
246772
539585
184707
383980
353879
383369
409789
301754
369590
73433
145808
71801
98333
132309
287189
33584
284066
265334
267316
328564
203563
137959
161451
22657
102606
490122
257129
3938
89489
307032
187379
117380
471424
142467
150694
305316
141209
371358
271546
757560
270880
44810
193101
133316
141471
155548
225537
334389
188074
75115
143043
254268
97399
174141
197905
386159
463357
622651
151553
365126
148886
683134
218672
277890
509656
152612
50269
239693
317949
102155
435507
194329
618005
200397
200725
128815
194830
299371
538012
216822
189546
147687
408625
121786
269462
302539
161405
97118
63836
203557
514577
195691
28945
27432
102999
66587
117036
373238
158463
133334
216588
51052
120126
384726
56909
175989
429266
187458
835517
62929
370384
59512
206845
131079
245214
361064
214133
165171
49651
393997
252794
92624
605400
676610
196915
445659
120549
393459
212174
95019
235987
142589
93098
262789
573570
237035
310229
54348
68674
135637
244856
110446
69219
219303
80356
304017
144698
295083
403013
82745
377046
237697
119990
417600
167445
639305
313112
53554
269841
285853
370438
116379
21322
397797
136354
528839
436945
265355
440300
300740
165142
199746
141287
188719
71185
162331
18453
150457
776449
261735
224133
179432
183805
92787
341000
59841
409108
560103
659713
80652
147988
151665
17695
278133
208378
178970
159388
239480
334917
347540
112855
350655
101328
199255
139299
204678
111494
32180
217374
92665
359028
788241
949882
451338
168674
243358
195472
231614
105166
578237
430452
135310
92735
70949
310528
62397
169667
258689
192394
107051
1084884
115451
122895
146024
700138
190207
447849
345926
149222
215534
767926
362240
419985
325267
381785
46983
266540
745977
226496
409131
312983
82050
176491
677191
299793
162406
68150
465769
221462
430747
78281
236248
840577
152476
317863
867973
528980
452920
373021
176246
151613
381833
179041
173684
60530
364532
143057
313345
99464
111753
46504
614896
106038
213326
219625
108777
188237
208833
558017
6808
39299
136182
502514
325385
105684
593141
242682
326615
366075
296365
137935
265760
180981
20556
347877
11268
192007
136458
144076
132316
209983
232273
336784
100061
65798
186561
358170
747614
109753
156400
349581
245184
304394
141878
122746
390604
204577
510391
84184
306766
117169
189834
191945
62452
177788
704295
118036
177734
287028
433855
186450
542678
173621
211167
197957
128093
99490
281911
327133
142049
232029
180438
430144
158950
135263
726770
425918
197715
314247
557851
479887
231874
184775
25753
388649
206411
569763
19915
94130
150068
79603
514678
472474
365687
996403
282734
138528
101196
190202
98263
368974
309092
395879
232634
214232
147579
369624
346382
216650
257502
230989
731659
109627
258282
90030
375113
368063
249160
360966
208527
104127
264649
224169
91157
217235
27148
511055
74113
346162
168135
259657
316302
35777
170692
268410
195471
260487
28335
150378
134281
166670
204093
208356
223450
151262
191632
63548
154000
103189
410512
322742
191629
140829
93689
452257
139084
252162
123873
115187
79995
130746
266757
135273
640587
367309
702359
197613
445598
885533
155942
52839
330672
350104
33547
468706
144712
545337
13494
414193
125756
354569
284311
34141
323576
1247
230002
101854
410685
439799
206645
240126
170851
249451
49162
221468
262043
273868
132565
243199
596142
215725
200584
416172
269071
63396
127121
393000
18673
188198
256413
155279
231791
185316
210732
454141
357860
284396
84839
289034
222776
88543
363447
269864
699180
242692
208592
215650
542495
83153
276259
463060
255263
569498
449311
249471
51792
217639
68858
75558
39102
298298
269316
223930
385618
62110
278353
130896
404623
179498
96737
338040
274801
389826
590410
166560
238028
69286
130127
301803
207921
161286
217795
115486
62062
142790
554730
287754
90667
38964
274721
54120
75350
384814
424599
323007
294553
98931
94951
770866
13058
234732
91625
87865
24254
95592
231925
584615
300936
114557
244735
103579
84633
371105
130444
231874
869300
111642
48966
382139
39370
98152
196579
670866
107223
246009
761079
201160
54092
249321
370596
127732
123634
464181
115348
176136
254980
188786
88124
225046
204560
188140
224703
8178
713725
200157
141189
15095
169542
151835
639200
322581
42051
15193
216668
121126
177552
526199
269626
253927
552384
209522
330005
485586
299714
133695
75824
289043
191998
312311
182513
399589
158836
93450
355073
113956
10876
363670
615841
83877
182956
326732
101723
317449
94135
14238
74829
220590
140949
161527
185029
263656
294228
120937
43164
59107
443520
156821
141463
4238
237080
127138
189227
215437
237641
723292
211839
171392
481517
253517
46059
198440
93914
135257
201464
116877
140956
172519
147136
111842
168492
99949
174343
205419
628181
362097
482229
182573
347638
151333
113946
106499
116583
102895
126665
459129
179914
389218
540227
141878
140445
106960
483686
54450
163854
346476
182970
227896
160962
135007
119212
438503
225060
478811
310597
553408
166582
221563
263494
186580
883758
193145
573206
152165
410937
258230
234294
266776
636179
410166
172988
90080
189625
119812
242508
228682
261464
431893
289320
1755
127826
137646
764026
133066
103643
165224
72373
303598
674995
746969
296531
191416
782697
202153
166886
277675
121458
275469
309166
350406
42448
424002
36682
423053
128963
329039
530761
6817
1151057
420543
416777
255961
372727
330822
363273
386220
267898
256241
275289
284709
355419
340661
451257
148903
130102
444407
346470
799219
22279
48072
137612
639557
250492
147770
91671
169008
203177
188082
181438
230191
100751
147292
170879
358929
220579
811382
297097
65466
346768
204752
7349
417166
199574
187494
594680
225408
457970
182485
179537
64921
201505
181119
134048
209633
134357
173174
38722
604984
143479
178088
218674
58100
551074
190835
622282
307857
14817
609514
2684
161022
190425
265990
303611
859
1297938
131574
321565
130135
286693
252252
310292
276162
842044
317707
288562
161308
57522
339663
634449
341242
476282
103477
245537
244985
99353
369886
153267
124987
399826
240588
1052309
126268
52008
113573
148066
76417
65956
385347
645506
149817
329262
241493
410204
301376
119959
237447
126218
866533
680129
166715
251652
196745
291721
173658
192473
209895
734424
97142
341989
54844
133599
447789
60381
252340
270309
14093
218940
60698
251457
282957
782166
69676
64092
270507
452892
245644
189557
101238
151436
577003
65488
111558
245957
167455
174313
247683
182563
543580
194026
331793
72959
285219
122781
122441
186112
98251
143494
119260
253316
107771
938865
177394
491211
4476
108208
349065
416386
130843
75349
236610
326566
137813
283116
88665
479064
721848
130533
365337
110650
227423
25563
87569
20917
136534
231421
254876
371280
138693
541989
247763
233504
613515
133955
241509
72670
174838
138708
105180
263277
355286
191267
335885
324865
247876
