0
22794
21503
45282
24567
40712
37616
93913
56058
27970
67541
23922
69677
54910
38128
41250
22385
10418
69793
52120
58493
55376
36420
44412
58264
39324
75796
37490
44685
27290
11896
41174
46319
39172
40816
44891
47360
41224
60678
25252
46305
37472
49643
55339
58389
77841
53578
24430
52697
14151
47672
50836
34791
28982
48531
58716
29527
78696
42243
48368
38671
73850
30824
57020
63138
69110
32722
18089
34957
60830
24164
47838
48952
31583
27046
61888
55813
35096
32120
93761
41319
75400
34292
56668
52796
36280
31974
34909
42870
40879
100649
63451
26616
42982
61818
67697
55685
59392
44694
53790
46346
67150
43338
47840
60963
58902
46690
65872
49603
93673
38832
34031
48712
75718
113196
115729
40490
40602
57891
82540
73090
19165
40619
93383
44005
53749
14199
44523
47547
30866
48752
32266
76761
62716
44451
70987
39307
41706
35719
77381
56756
74969
63222
38876
39558
41694
73427
67340
43086
27124
32811
29804
73483
28410
81502
39241
52340
97730
45929
60692
87129
55806
56302
22712
51496
59448
21424
41861
50056
43780
42480
55532
51353
32210
45373
86675
52277
50526
58754
49127
72940
123765
128130
57886
59722
51452
47130
35315
87603
44022
79872
40257
76767
35046
33472
84455
54208
51691
116248
34881
62485
75077
38483
53478
51027
39557
45652
39872
86866
41731
35872
48394
50825
41261
63436
75625
44333
48879
58693
64780
57682
37900
35997
74201
57977
80147
50226
74408
49599
50005
50054
53264
67705
63632
56785
65384
59179
65351
49624
27312
48786
44432
60285
47464
38638
74007
107882
47427
48009
39901
38545
76977
77166
48716
41586
65774
60895
47434
56077
48144
60641
38848
70947
48959
102602
89131
62003
26181
79558
99925
39928
35498
73769
36358
78346
72602
64964
59516
32873
42944
43915
52766
56383
34720
52866
73914
76119
52915
90384
37903
50583
48586
70118
52867
55752
71157
51135
66906
94155
59135
82311
67730
45569
41683
39615
74569
46840
63441
40512
55105
78226
101527
58148
56426
128121
45947
87699
83369
60707
66816
90851
51773
54551
53043
46859
56777
84128
40854
47929
45786
36757
107397
33462
83382
64427
94371
80538
61335
61231
42314
38093
46025
34762
97302
67321
68974
66992
126548
62589
76275
46460
49195
82556
70162
61698
35195
65986
64536
53768
62218
51810
65112
68366
19261
39917
36099
97691
73819
67170
48999
118168
45792
28533
61064
112309
80188
77048
88391
77147
67727
66932
68230
39776
47984
103408
44033
35971
63109
57565
97614
34622
78091
33756
54651
51305
48471
86457
49124
67977
41197
53416
42149
48336
161734
37356
46872
62971
62379
82685
72350
40480
85702
40074
65840
52276
53044
44371
60140
77674
56840
51250
84592
51305
96199
62066
47380
101229
44671
88249
46707
64646
80270
91186
62095
43779
66946
58618
42075
85443
60972
69780
57715
73647
63350
52867
62012
65772
97265
79230
81333
81527
68285
83973
147867
38979
80528
38314
54240
63762
47468
89270
80358
48375
74266
43707
84095
43613
57847
117258
148309
39042
62798
52159
68423
81192
66583
52325
84582
52148
65304
70625
105153
90289
75389
39478
53801
44481
75737
80010
89801
49684
74668
89488
37094
66666
115091
76158
63549
79868
52265
61773
76775
60065
66909
102921
86295
130258
96642
88937
61356
83730
51265
80109
91455
78141
70355
44672
61392
64363
42179
96621
67612
136849
64344
41424
67866
54078
61140
76953
76272
71300
46644
121251
55318
85901
63733
76556
41400
115460
66496
73441
92442
37870
107639
91990
55897
62453
95450
68326
53135
70605
90361
41730
48357
88779
64265
122233
104356
88419
68921
63829
54587
68908
55176
67962
47053
63191
53291
75589
72318
63864
120858
110584
58405
42284
75834
78503
90134
64132
47678
45002
80304
59878
95626
102440
67112
39794
131336
37744
83265
77156
54201
92776
102780
38656
68150
84426
90064
119450
66375
76154
63124
69553
41870
81320
87063
44329
64341
76716
75485
74368
86159
46132
74121
90945
66232
83722
123826
55810
50712
32441
100068
63027
67804
139317
60179
69053
127735
50815
121514
46154
43315
101962
76194
100261
65315
84587
132958
57174
72615
56821
81506
143900
89702
48139
65916
42536
64356
99817
77172
84485
69864
66576
69854
70788
96393
149377
127678
64588
78791
72714
66660
93143
66474
62321
79581
104686
73311
63304
69739
134070
51212
70850
71604
51788
108262
57410
142124
93609
67162
56359
86298
56644
49534
89519
75783
66735
70164
73100
73880
55157
71312
62131
76565
84053
89548
105999
49940
98919
54112
80598
95057
96922
106298
55689
47412
86189
68916
125560
76954
135497
99272
65599
118754
48919
71960
77478
131336
60801
65412
63014
87392
56468
79258
157779
59121
116327
88441
35048
69077
76905
73256
64734
99764
108809
69145
88676
65903
145243
114465
71031
83980
52797
66259
100923
55130
94183
105208
52280
46673
71410
81704
80029
94162
77636
61033
59080
75066
67632
61554
112642
73498
105052
73628
73330
83569
104820
85595
55641
71113
95333
176048
77921
99711
121393
79531
83160
117862
85914
136703
86363
57348
111757
73944
87626
62987
173714
79063
83625
124729
104875
84229
91957
65647
84764
71247
89812
117246
33946
64099
79765
116063
105554
92037
70359
105932
96001
66603
85622
50693
91884
59536
78914
85229
56132
109576
87351
75958
120735
77729
89219
54633
84197
65938
69269
82923
76614
116902
121522
43312
114616
80855
85309
85677
138432
98742
135770
102377
105493
78078
79423
83661
61733
58814
62622
136998
108358
112245
74679
98616
82863
132129
95638
82887
93476
65453
108082
93150
103548
67565
64327
150641
68604
85213
50564
68068
77234
126781
83257
75221
128208
90601
72001
72383
118600
65722
99896
90414
72380
116694
68930
91794
71411
75578
75880
132927
64140
66872
82878
84983
142289
92663
75877
97117
70596
80216
102673
69103
96876
75040
46752
110626
167806
145825
112681
104795
132360
104049
114212
72046
81586
69760
66011
92181
137076
86529
48694
70081
85154
88965
85868
103868
86995
105248
106641
96095
84967
95244
119740
47057
99007
91496
130956
87945
82963
100771
91697
49814
106842
68032
109218
67690
98275
98964
165701
118914
123807
123997
86465
90848
97421
51493
89103
107411
79370
103225
97952
165636
131510
80575
88630
65119
53352
86011
141621
80103
72502
91313
48023
106441
133363
128536
155540
96627
94078
119274
108749
146092
76697
117780
91344
116550
68093
79903
95764
86826
79816
75978
78022
101979
69190
91843
66909
92971
122411
122025
103738
120864
134006
59790
