0
148
205
0
81977
0
0
484
0
85440
287
0
343
0
365
0
0
770
223
493
0
275
220
0
81184
0
0
0
277
862
0
178
0
314
367
0
182
369
0
276
0
0
0
260
0
0
238
146
12240
271
0
387
335
0
252
394
54202
0
355
7618
374
0
0
201
0
139
0
286
202
0
14408
298
197
0
0
0
0
252
7021
0
0
288
48117
282
0
258
0
502
224
0
357
0
0
0
150
0
3271
363
298
15915
332
207
645
0
0
523
69369
0
725
0
816
291
0
206
611
0
0
0
253
220
0
0
292
269
224
261
0
216
49101
323
732
0
0
0
259
0
619
0
317
403
53588
65283
0
261
0
126
314
417
65912
563
316
0
453
0
133
0
258
0
0
0
468
0
285
101
0
195
292
22093
266
233
254
0
0
0
0
245
235
0
149476
43070
0
141252
257
216
0
222
23400
318
0
0
312
0
0
337
182
0
0
0
0
266
247
0
0
0
287
680
158
157
15133
200
688
768248
0
0
237
0
0
46700
381
0
49202
269
162
368
0
136879
355
306
1519
120059
0
283
333
423
0
498
0
0
47225
326
1104
73350
218
0
116
190
178
432
215
0
418
1186
0
0
133
0
116429
565
0
0
0
390
0
915
14301
82898
304
0
0
163
277
180
14158
515
155
82639
139
711
8801
169
935
0
415
395
112655
461
0
173
405
0
0
263
0
272
799
0
165
262
616
23382
0
0
0
313
146920
153
25064
0
37003
279
117543
0
1181
0
393
479
0
46396
382
326
356
464
0
0
415
0
0
253
0
289
388
0
0
166
278
0
0
283
63988
490
37393
0
368
444
96430
0
168
0
0
0
0
0
0
106917
38699
0
291
114078
63042
138
277
0
513
0
58371
106939
110048
214
0
179
378
0
235
757
368
459
229
219
0
159
0
387
0
0
0
543
0
114
141
76211
0
0
0
49198
491
347
337
256
560
0
0
0
115065
458
0
0
119
0
219
212
0
0
215
742
0
0
133
259
402
12818
0
209
237
281
39399
1595
0
82542
159
32397
377777
162025
0
0
0
279
157
0
529
0
317
104912
299
80556
215
951
0
0
20666
0
0
35798
134
98
0
177
844
158
0
0
161
0
0
0
0
547
0
0
219
187
268
7328
490
156
255
165
284
508
247
502
14971
0
0
0
140
0
175
175
142755
331
26444
336
0
301
501
450
212
0
114
232
180
898
0
432
122
143
125
0
0
204
0
0
445
345
318
170
302
264
225
0
196
0
0
477
0
164561
62699
318
0
0
236
1642
436
43406
0
642
43951
0
0
344
0
0
1804
146
0
149
0
0
0
1651068
32380
511
424
270
0
0
0
689
164
96
0
0
473
0
0
0
382
201
0
160
0
0
820
0
326
0
253
293
0
219
376
0
252
0
419
0
0
176
0
307
410
291
179
76
0
229
0
283
0
42365
5352
94901
579
186
366
0
5121
201
459
241
90583
336
0
422
0
213
0
0
0
373
0
116
168
314
197
231
143
243
397
351
165
63016
115
213
180
332
0
36760
359
469
118032
0
0
0
0
256
356
148
246
268
433
321
37851
196
0
115399
229
151
13755
43388
217
179
0
131
39478
0
0
347
166
0
188
350
211
0
0
356
229
3549
150
1087
32420
700
57963
0
0
204
0
0
51570
60723
195
0
0
0
107701
0
1032
0
816
169
0
0
0
313
0
179
31458
194
0
275617
183
0
0
331
106
88
0
192
0
462
185
0
0
0
0
0
9774
235
0
0
250
259
0
0
10849
0
64324
64426
916
0
237
65074
103430
0
349
330
273
0
12186
0
0
21647
391
371
0
125852
340
351
162
272
364
25555
378
407
411
176
0
0
301
356
23559
3251
172
301
678
146
324
1012
784
49940
0
38291
324
0
0
421
199
403
550
0
0
819
0
356
0
0
0
288
372
351
0
333
4277
40492
0
264
49412
477
0
26632
368
347
92533
152
0
87407
0
325
0
0
0
204
371
0
18589
0
0
0
147
184
201
0
203
74856
0
247
135
309
0
0
859
497
49274
0
0
50778
0
257
1142
0
105
0
0
4675
163
0
333
0
0
0
0
0
0
193
332
0
0
0
0
0
0
211610
141
158
29052
47504
85695
269
1809
0
0
485
0
0
0
533
0
606021
46940
0
214
0
354
268
0
256
39562
689
420
275
434
0
0
0
0
313
0
10098
213
0
450
165
0
0
0
0
277
0
348
0
0
7598
342
250
299
0
0
1055
306
57355
7681
100716
1031
44294
235
550
0
61790
29107
0
0
374
188
260
335
324
0
185
92717
0
292
219
36815
0
437
314
341
53692
132658
0
1176
281
0
0
290
0
306
0
12528
46876
287
601
42042
350
194
284
419
62561
84980
0
209
273
252
0
303
0
0
792
263
75279
53421
0
759
0
0
0
0
605
28594
0
388
157
0
308
30157
0
1737
375
213
0
165
98047
241
447
0
2884
0
158
387
144
0
234
246
276
307
235
535
114
0
0
32028
307
421
0
94598
1850
0
146
0
0
0
238
0
91
376
0
755
0
27336
149
70786
165
0
0
0
221
171
40758
262
118
1876
322
400
0
415
34604
0
477
302
21306
225299
0
0
30977
263
0
538
290
0
126
319
138
361
130601
0
323
0
0
147
487
0
0
0
139
34698
435
0
0
352
485
0
345
290
174
149
0
744
0
202
201
371
314
127
255
0
0
669
361
0
0
45877
294
0
0
350
0
307
0
538
218
0
673
0
0
162471
0
0
0
36941
202
285
29226
0
159
0
0
0
49834
0
0
246
0
0
0
395
0
0
323
632
168
336
196
245
0
7268390
575
0
0
0
0
0
170
0
0
0
40248
0
0
129315
323
3981
0
89092
0
103
0
855
450
0
0
449
0
0
130
1619
511
0
114519
0
0
167727
344
389
146
0
289
172
0
0
0
202
0
226
147237
333
0
666
0
0
102
0
46724
0
225
0
0
0
1042
341
508
1784
27180
135
0
1018236
0
0
1935
0
159
0
333
48065
0
0
0
860
236
399
152
196
0
171327
8082
0
378
182
0
0
179
98
237
0
181
0
243
1069
0
0
0
32693
0
1125474
0
56472
8413
221
265
83579
565
0
0
0
0
184
0
0
0
40427
0
24046
458
0
78097
489
0
54607
318
72884
107476
0
36879
0
0
154
775
0
336
168
14839
405
321
0
296
0
0
336
206
999
141
684
166
304
0
211
0
0
402
44312
151
176
1599
0
162755
69560
0
168
0
0
311
0
316
31574
325
335
0
52231
0
0
362
0
84
561
0
0
216
229
106
495
320
0
44266
686
0
525
0
0
0
0
0
364
549
225
3173
0
464
39971
0
425
624
0
0
422
0
667
0
0
57690
245448
0
295
0
0
0
500
0
60755
212
0
0
272
167570
19553
0
444
246
0
117
343
0
112
441
379
137
389
210
0
0
0
229
156936
157
55919
138
179
0
0
0
625344
250
381
776
129763
138
943
483
0
172
0
428
0
151
93841
286
216
0
31523
468
0
337
0
493
236
0
0
722
0
345
0
270
0
0
0
454
123105
0
0
28775
0
64989
0
266
0
0
430
398
0
0
31577
355
0
756
0
0
247
392
163
57677
37741
142
294
19948
545
0
83131
548
242
0
0
0
0
0
0
0
275
118
23582
0
0
0
108194
70890
84702
188
543
0
0
3207
77063
0
560
0
374
2758
0
191
414
163
337
165
101024
0
0
0
46019
0
590
175
37976
0
251
0
0
201
0
333
346
30352
0
136
226
0
216
0
66352
404
73756
194
0
1605
210
179
301
144
31743
0
594
0
0
489
302
468
246
317
524946
424
69823
261
159405
0
209
533
681
0
102952
234
0
0
156
73168
0
0
0
153
489
421
302
0
0
0
0
125112
0
12988
107679
0
0
0
0
73647
29439
66784
127140
0
265
0
0
0
154
98808
0
54560
0
401
342
244
171
52318
1691
283
39600
93274
0
0
230
96618
0
238
441
149762
0
0
552
0
54845
365
0
346
83026
0
396
0
373
1818
324
242
438
167
0
132
1020
605
58653
96076
119770
152
0
0
40552
600
0
754
320
334
92787
62271
0
0
198
169
0
63434
0
0
0
67124
179
238
425
0
0
0
0
207
0
0
0
78749
0
757
0
173
441
348780
494
421
139
0
170
384
0
168
227
149412
299
700
0
0
373
265275
0
0
0
0
112302
329
0
73165
175
1432
0
0
252
0
1353
0
143512
338
109273
39144
394
169
0
0
70352
261
536
0
0
335
0
39795
250818
15993
331
148
0
198
0
242
0
0
363
104755
313
382
155
234
0
0
73038
321
724
1424820
0
0
0
77607
0
103
539
664
0
0
161
0
1157685
160
0
0
413
0
314
149252
0
246
131
0
184
264
220
271
223
0
335
38154
308
0
0
0
0
118
0
0
0
345
0
316
331
0
136726
0
347
101718
610
0
0
0
0
0
0
25354
170
0
351
0
0
1992
1535
235834
306
0
0
0
852
842
99682
0
2280
285
0
0
343
295
287
112
213
231
454
971
0
0
391
0
341
181
0
399
0
0
48572
0
121
251
127
392
650
0
220
0
29412
1506
761
419
138
204
125516
282
0
441
262
553
0
0
99
385
383
86827
495
1137
479
1483814
0
1263307
63345
0
0
0
170
0
333
0
0
344
270
659
840
168
57128
112
81830
206
487
99597
0
0
0
277
0
259
166
176
239
83542
57749
343
0
206
0
0
0
298
100369
0
98314
107
0
158
52048
244
0
0
188
143
40867
0
0
490
545451
0
0
201
0
340
304
0
52823
0
157849
288
240
0
154155
80498
143
0
1170
171
238
0
0
0
0
20373
314
83575
0
362
1319
202
482
0
0
0
342
176
449
121
135130
0
0
130
0
267
185
116
216
0
88052
270
140
2933
0
291
0
249
200
0
494
317
0
0
183
90352
51019
254
0
0
0
350
2754984
103847
173
0
248
851
154
0
0
304
338
94264
0
99
172
52933
475
0
0
381
123180
229
227
385
24527
2472312
0
869223
0
0
0
185
0
482
0
0
0
42930
89040
0
129
0
0
109
383
0
0
133098
271
450
344
111806
0
0
394
168
0
34637
287
0
1186
304
236
0
320
483
26772
133
307
0
0
165
0
68481
320
470
0
491
280
136
0
52663
0
742
126
74382
394
328
305
0
1213
348
387
0
274
0
0
350
148320
0
39282
269
423
50314
76224
0
196
41640
462
65290
33518
121
0
0
374
169
0
119161
226
262
297
0
471
248
189
0
444
19263
393
229
0
0
240
0
1407
0
258
0
445
0
430
801
248
326
0
57404
0
0
108581
1466
0
0
302
520
0
221
318
8178
45210
0
101831
40848
273
48472
481
0
0
54851
380
554
358
0
48360
0
0
321
355
0
0
0
0
0
0
0
258
14030
321
0
657
0
133938
156
0
182
0
93090
337
230
34298
0
169
0
86355
569161
0
35480
0
137726
719
134
0
417
1778
367
0
0
331
159
614
0
0
328
169
0
756
0
122411
379
410
0
0
388
149899
0
0
66489
290
12471
0
253
0
55089
340
1515
569147
163
72027
36209
102348
427
446
0
0
120848
0
0
0
117201
321
0
83859
0
0
387829
0
160
0
0
169
0
312
0
0
334
302
322
457
54597
241
102
57076
0
0
0
0
117574
30788
347
0
0
776
31131
217
0
77462
214
283
313
0
413
119795
0
14380
0
379
634
56220
256
148910
0
0
312
0
117141
0
534
57124
393
0
0
168
0
278
607
535
0
237
201
311
0
0
0
0
88
365
722
422
238
54697
0
30115
0
0
0
496
374
133
192
255
0
0
34633
184
374
359
10416
181
345
362
195
16912
222
169
398
0
1526
0
269
115
53433
0
243
130519
0
43589
24109
159
32506
421
325
118007
0
22964
0
51171
0
304
0
209
287
527
0
295
0
0
1397
350
1157
333
284
0
0
44409
94890
0
181
0
0
27602
0
0
398
0
149
128
154
45553
0
0
40728
649132
0
94342
1144
0
128
0
0
2623
0
226
0
233
382
309
357
293
47253
0
46191
533
524
0
0
265
71477
0
60201
0
774
0
101211
204
297
443
0
0
0
173
0
0
236
183217
296
0
451
813
0
454
388
697
221558
327
0
221
0
119242
0
193
412
43695
41542
336
38578
372
83231
0
95980
0
0
0
306
0
236
0
0
49116
206
0
82426
0
197
0
98871
0
0
0
0
19446
96987
451
0
0
701
321
317
349
167
172105
0
212
0
56905
403
0
0
219
136703
0
66586
271
153
532
374424
260
378
256
0
197
108953
0
251384
363
50649
176
0
89
753
213
230
0
190
0
236
288
329
724
4415
119103
245
0
241
0
176
114734
232
544
44845
0
84813
0
0
236
377
291
46813
0
0
316
0
0
0
60808
453
310
0
0
253
210
186
341225
244015
0
105
252
0
0
30032
40166
250
0
0
361268
199
103749
119506
0
48892
55046
0
0
43869
0
0
165
0
299
0
323
93224
51702
328730
0
0
0
0
311
352
283
0
0
82374
0
271
0
160
0
0
232
250
157
137
716
639
563
18973
267
419
0
1453
70060
2988
0
0
320
11731
1458
456
0
0
0
0
202
238
190
0
286
0
384
0
284
243
112244
636
0
272
0
370
138
0
0
0
875
887
2488577
0
216
149214
0
0
60693
364
228
275
179
0
0
0
299
0
119847
61402
333
0
0
42564
18184
264
0
75670
303
124191
22204
348
302
222
298
1073
412
128438
0
256
275
0
200
322
378
189
403
318
0
0
413
0
13881
134
0
0
74270
518
181
122
129038
114373
0
27280
0
99199
313
0
48271
0
0
128850
725
69831
564
0
230
0
0
0
0
192
150
50224
452
410
1079
576030
35832
0
21653
0
100563
391
0
902
19630
0
280
0
336
0
105829
78534
84947
0
0
55876
0
246613
305
358
0
0
0
144271
0
6127
140
224
184
289
0
0
0
268
0
720
791
79200
217
0
128526
391
377
0
43485
239
0
1190
411
76350
0
0
0
22524
306
248
0
164
0
0
39708
91374
93801
306
338
197497
486
1371
0
0
0
1061
0
0
0
212
0
0
202
0
398
0
236
178
368524
94
79087
281
45992
129904
168
146
0
688
174
0
284
0
0
701
187109
292
298903
118
31431
81960
0
0
296
380
0
470
0
0
234
0
138
364
60776
0
49303
34123
357
69756
105
0
327
648
799
195
1216
275
369
1147
297
289647
205467
139
17072
179
176
0
197
429
262
0
69148
0
0
0
375
0
710
0
197
378
375
0
0
121502
104
0
634
156830
300
298
3500
149042
0
78824
113158
41479
59413
0
142291
0
37233
0
326
631
0
216
0
504
259
336
390
42154
220
336
175
0
128973
139
19545
0
762
0
995
56524
427
0
7197
0
0
107323
44209
0
150
0
68248
146759
0
256
209
82586
441
0
169793
389
0
0
415
558
0
274
198
179
270
0
93237
207130
278
0
51345
0
131
0
0
290
0
186
0
283
0
168
131557
4994
0
300
451
0
128020
187
0
39892
0
50175
67615
226
12525
330
0
95368
0
0
103
68776
86024
0
104906
0
234
0
37536
0
395
0
0
114461
0
239
349
52493
460
0
304
17731
0
0
179
80944
321
0
784
214
1047299
0
39183
276
30952
490
289
146
277
0
0
135
1130
649
0
0
0
290
108725
178611
63600
532
0
0
33587
0
0
446
0
3490705
143890
22390
159499
26926
415
0
0
0
0
372
100484
0
134137
52802
0
240
220
372
227
304
0
27909
0
0
1542
0
264
0
434
0
100175
368
0
0
320
341
320
313
227
0
138
133161
0
0
0
0
58563
224
147173
1585
279185
0
0
60581
119
0
267
0
161200
0
0
73301
0
448
88390
97
0
0
0
432
0
37355
142
0
634
345
0
103662
0
263
104950
0
0
237
0
0
374
0
272
0
392
67086
154
320
0
433
212
0
1604
0
64726
81740
0
545
0
0
0
642
0
521
0
159
527
146
458444
39540
101753
195
56794
2680434
43239
99931
109
65633
0
509
242
50215
0
0
44324
72324
382
47804
236830
459
209
0
0
137
315
0
0
127181
0
407
40805
354
49640
0
0
290
0
97
52670
2196
446
0
107955
0
637
0
0
1850
290
0
218
0
0
221
323
2739264
43255
0
129583
99306
0
1654
0
63863
0
0
237
208
415
0
0
7076008
0
0
261
576
237
0
0
0
144438
287
0
385
501
401
0
143902
1035
342
123418
371
0
1248281
352
270
0
498
117
182370
349
348
325
60158
271117
0
280
240
0
189428
26089
91155
0
0
192
289
0
62027
415
239
2535525
27814
113604
217
0
0
0
129866
350
0
19805
0
369
0
138
238
237
25394
0
146784
607
403
4650
291
126612
0
0
0
284
0
0
0
0
358
81522
0
0
222
195
146860
0
224
306
0
51791
187
0
258
0
340
0
409630
313
0
215
0
691
128462
175285
230
496
0
273
93362
172
539
4128232
0
143555
0
120
87597
439
283
52589
338
82312
466
0
4986
0
0
0
40673
309
0
172
344
0
0
0
115700
316
0
659105
0
291
0
0
373
0
328
0
0
189636
336
426
0
153
1110
0
12229
114791
346
46360
0
120
238
319
245
115431
40068
0
402
102527
170673
0
0
737
0
147
280
0
79277
245142
287
706
372
286
0
188
0
382
221
68563
212546
424
428895
239
0
491
373
970
449
409
279
260
0
70795
192407
38902
328
364
1717
0
234
148
0
0
253
58392
81667
134365
376
773
91562
0
0
85190
204
109540
80803
125598
0
985
127
61808
377
0
86132
38971
140
402
0
0
0
337
219
80352
538
42371
205
0
298
209
0
42822
332
218
429
1543
0
255
287
205
26343
0
262
382
0
132889
123
0
0
92087
0
0
412372
0
0
422
134120
326
270
65908
0
306
0
0
0
247
658
0
0
252
361
130837
323
396
569
0
525
0
0
1113
56925
0
0
237
291
340
0
153
429
136
84865
0
203
330
21488
387
2630
117
0
67754
0
119322
0
41113
38766
142
73137
202
50223
22706
0
214817
2672
104
312
0
117765
113
0
25414
367
0
32636
0
49441
300
0
59266
368
1126
0
308
0
0
0
0
264
0
40060
85251
32136
59991
464
0
2375
259
563
97048
0
0
84757
399
56733
65460
349
18142
423
50080
154
0
159
43916
0
129650
65448
8573
357
290
551
883
0
0
0
0
64282
240437
309
204
125
0
338
287924
0
113342
402
169
151826
295
58480
1450
41932
67510
666
0
240
0
235
222069
0
39415
0
0
159
622
226
384
0
112721
242
0
260
233515
0
0
0
0
392
0
0
162
0
63850
0
0
283
297
380
0
145
0
268
19287
0
0
0
147852
67913
0
160401
71440
401
496
11193
497
347
2465162
0
140
333
205
272
1318
450
407
185
0
28450
370
262
47102
0
146003
229
0
0
104575
212
36546
301
259
0
0
0
184
228
277
276
0
161
0
2630
0
47631
546
659
243
65345
0
0
258556
499030
206
0
0
29882
266
8033801
0
78928
113402
0
182458
3445
177
166632
0
282
287
0
141
0
0
0
0
307
105179
197
42336
0
2439
97594
0
744
0
197565
88094
0
309
602
0
269
259
379
107775
483
85830
0
91560
0
613
499
0
353
0
1604
259
85
2149111
364
352613
42861
221203
537
1230
0
0
0
299
42755
63823
102569
245
243790
184
0
434
231952
0
121
300
355
231
0
0
0
56615
33067
0
348
23010
685552
664
258
45167
179
146
218
0
378
168
83994
0
0
312
799273
0
96433
267
69379
0
216
0
89320
0
0
0
0
0
372
120432
0
586
245
0
800
0
0
230
207459
292
0
0
0
0
132505
0
0
193
487
0
887
0
0
0
242
0
195
120571
109
0
266
60361
125756
0
295176
162
73614
270244
605
15266
0
174
147
72841
415590
89738
44464
78744
6167
251
233602
438
0
2358
1201794
515
0
0
115600
0
22128
230
229
265851
0
286
181
410
1101
177
0
608
199
85934
324
406
404
11733
54065
0
0
42443
180
37631
271
46832
82468
386
181046
0
256620
378
146
0
0
297
144499
0
8461
427
219
2281545
0
239
279
29463
0
54371
0
0
309
0
0
0
559
5552
393
289
7044078
0
0
235241
0
0
87632
280
0
79887
50500
7620
0
256
372
35525
434
295577
0
0
48663
0
0
0
0
468
135182
602
203
164004
29961
286
392
0
214
31449
261333
0
208
110179
0
266
480
39231
326
316
0
75175
0
276
224
837
397
0
59783
0
0
101438
83288
220
0
98264
0
299
0
412
0
0
233611
399
0
333
363
303
774
14014
0
0
0
0
147310
313
71615
0
94215
0
0
1235
124095
0
810
1593
0
113809
0
1793
384
0
0
976
154
292456
125504
149599
0
281
61086
0
0
644
0
79112
0
335
0
449959
0
77410
289
169975
68152
251
0
290561
0
80871
0
116389
527758
0
124
0
119
183304
122
0
0
0
242
0
0
0
637
109
0
0
0
51333
50061
1700
63545
48936
211074
0
34298
0
147
0
211
0
64087
207
0
315
0
15714635
0
0
39765
99772
37630
73610
342
1326
150030
119
144
105497
109373
52779
377
189
0
0
119
0
400
0
0
260
99221
501
287
266
363
468
185610
354801
241
33264
0
159
0
0
0
334
45316
0
0
66761
221
13893
0
1284
214
323
60072
107
230
461
227
0
545
157483
0
8819
365
295
1189
0
0
38723
325
201
388559
334
233
35126
0
0
0
42016
293
458
336
455
271759
78595
215958
0
149953
0
0
134599
196726
4247
211
64876
27021
0
108092
44779
390
0
52482
0
0
182249
214989
306
33677
159
275
970
170
0
0
145
2557
0
0
0
0
204
343
0
327
1599160
0
306
147020
235
0
164
105734
215
0
0
557
119325
0
138549
226
225
0
230
587
0
0
0
257
0
444
98814
318
329498
0
101610
492
228
0
177083
62349
133925
112620
0
481
0
36322
74944
0
0
1603
92610
432
0
0
64476
0
223
0
39815
0
0
159
0
0
43841
143903
2534513
32353
75849
53178
36673
0
294102
0
55111
213
0
247844
0
170197
0
0
122863
253
341
1069443
0
0
106611
71705
36379
0
488
356
387632
566
144608
59697
331
265
0
49748
163
0
0
156
124215
0
0
64104
0
102987
131523
0
0
34926
0
595
24112
127573
298
0
0
0
958719
0
400
132001
0
0
0
598
177
93306
534
266
0
323
0
0
0
0
0
406
0
457
70902
0
224
336
0
0
0
90279
50584
40763
32640
54246
265792
181
0
269
0
0
226
123299
0
0
0
233436
421
125
453
62360
0
585
357
623
0
8773
308
0
0
363
122029
204
354
579
133876
113106
329
27273
334
160794
0
0
46533
138
96628
0
48164
365
0
332
0
80334
239134
399
0
108833
323
0
50125
0
0
144
50599
263
492574
62862
0
370585
63773
152559
237559
352
0
46621
0
271398
360
0
125022
42504
0
0
108743
230076
311
430
0
1320
414
108508
0
351
36815
0
580
476382
358
280
154616
0
0
38555
291
0
0
78281
0
388
713
0
110402
133641
0
0
189
287
268
0
0
0
106630
0
146658
342
0
0
379
0
189
133
0
283
0
329971
260
246
434
0
0
303
0
148
79509
235
134873
476
192549
197
56589
261
373
42456
0
0
23129
336
53937
0
0
327
158
333
0
119831
23026
376
1047221
2009
298
38063
0
0
0
366
123320
69501
0
0
0
0
282
0
62850
320
456
128051
250
315
125
0
770
248
0
75816
0
280
238
179801
0
1031755
0
0
320
939
196
215834
0
1561189
0
466
73535
0
0
0
16800
169
0
0
0
120884
138
69681
0
314
490
0
0
87655
397572
40692
133044
0
51054
402
0
0
105897
0
0
297
151776
5609
185
224
164546
46794
256
344
62151
206585
0
681
29069
0
47803
88764
147
0
0
126259
0
75256
91
0
0
0
413
347
0
165
0
273234
285
227
444
0
0
108316
70049
0
186
130579
121
94902
0
0
0
0
0
874
0
20487
0
361
81454
0
0
0
0
307
0
21843
56700
865
41565
181
0
0
0
0
117414
390
187607
167
2088
112414
0
0
0
6214
388
368
0
196
335
313
0
420521
0
36554
171000
250
0
146626
117657
0
92120
132
255
206
0
77347
0
0
419
0
318
100
0
158
1838
0
0
0
105044
290
0
123
109733
426
161344
0
98599
74766
0
62536
0
221
280
0
0
356
39157
245
3000
0
60985
0
272
308
118
369
238
162
119
94251
83752
0
0
13161
152
339
0
103
0
0
0
74400
0
0
163
0
189
236034
201
336
155872
124
0
0
0
425
0
208
0
0
0
754
0
0
352
339
0
65070
442
202
0
0
0
219
214
0
331
106674
300
0
50061
209
0
55596
114476
0
160
144
184
0
387
415
0
0
0
0
507
0
0
172289
385
0
284
0
0
1686542
0
0
0
662057
0
74165
303
1110
0
0
0
0
236
0
475
3574
0
45145
0
0
411
0
135361
0
352
0
229949
169
0
229267
0
0
71015
0
199
58395
0
112336
479851
1036400
206
0
149307
0
407
0
335
405
122501
0
0
0
703
0
71710
574
0
5374
381
0
0
22085
0
0
0
295
0
37320
205
0
361
0
0
55957
186613
80499
0
124464
0
0
0
0
368
0
52443
326
28535
0
0
0
0
0
161
159
147
100488
36270
0
42911
117682
0
2096
58458
245743
191
270
295064
0
43381
0
189
413
276
1555
0
0
314
0
0
132036
0
161758
0
93183
618
49223
0
0
214
0
314211
169
81790
387477
77517
32909
386
359089
151
314
341885
0
0
0
0
0
0
117238
55299
0
124
0
0
0
236
441
0
660129
0
0
213
147897
6969
110
150958
0
0
131340
102282
0
0
668
178
0
278
395
0
507
0
162
94739
0
126458
77114
0
65536
0
0
99881
0
128493
0
384
0
159
0
362
62344
0
155
0
0
157
392
0
84
351
216818
111
159
705
0
25877
332
318
0
0
0
0
0
0
109604
0
0
133968
2532101
249
121832
0
0
42704
268
0
0
193
89971
0
0
165139
100259
137
356
0
0
289
131
0
252
206
0
91742
30475
0
257
0
0
0
648552
0
220498
40889
89249
78308
0
0
27961
91
290
12585
81094
0
133537
0
0
2239764
0
255
149648
0
0
0
87895
0
452
0
0
0
106282
2127
277
0
1172648
0
106295
74262
0
90046
0
199282
27114
0
1053271
0
377
0
321
257
44223
7034428
0
243437
0
76054
158
0
208
159
239
0
0
0
86489
0
292
0
0
0
248927
0
0
186576
235
176
122999
121656
0
41667
372
0
240
723808
154360
345
0
46691
0
246
314
0
229
0
0
87716
0
0
438938
20528
107858
391
0
4829
0
376
103910
0
0
56260
0
0
51701
582057
213
0
121646
0
239
0
216
0
344
0
0
0
0
50667
0
0
0
117873
0
0
38159
102
1394
70209
241
552
213
414493
572
167
0
341
196
607
0
0
0
0
0
79471
289
711
261
174
136906
119313
144
139557
0
0
44251
0
295
122808
213
576
0
115
0
0
1071
0
7557
674592
0
116127
253
56872
246
77158
0
61850
0
277
423
128043
137070
0
150205
195738
42198
341
0
102598
0
0
273
517546
287
277
90007
0
52631
38209
282
0
0
0
199
0
159367
177524
0
433
0
0
394
145
0
354
0
105508
96821
157
430194
134571
184
0
0
121
197
201
254
250104
0
379
26701
211
0
102
519
0
0
0
23311
37660
897
0
108592
431
228
199352
119
438
0
0
0
194
0
0
0
0
851
33033
0
277
383865
0
0
360
61541
0
0
114
103001
155
0
712
104
244
104753
0
352
73989
351
98396
0
74622
0
242
0
373
162
378
235
835
179
0
0
79252
484
78673
85493
0
47471
500
71589
25277
100470
131264
0
0
0
108536
69061
95695
546882
0
473384
57896
0
0
0
0
0
0
190
368
0
92115
90115
97140
0
827
6883301
234
321
134435
361
0
372
97527
0
502
258
0
0
53741
0
314
133148
263
223
0
0
227
0
58668
101175
184
0
126611
1078114
0
1303744
42244
190
44101
0
50051
0
121758
133398
71790
0
0
113
0
0
61649
61049
45621
117372
44431
199
1911
0
0
0
341
0
125404
162
800
168
58503
0
92909
512
0
38324
364
0
9074956
294
117
215328
0
103007
388
298
250
1791
0
466
193
767448
0
272
159
325
93046
0
384
160
72991
156665
0
306
0
63358
351378
234
0
99423
0
0
158
305447
0
131627
330
369
448
0
0
0
0
0
1272
200
144232
0
240
0
329
99992
53555
702
53081
110499
453
219
0
126295
359
0
0
0
9717146
308
132
0
148978
2660193
164674
0
49242
0
0
385
194
93045
151168
0
18652
15728
115312
288
153610
579
109639
522
370
0
0
0
0
1219
0
281
313
0
0
351
181
120709
167125
0
0
164
81410
1007875
399
0
0
330
0
370
251763
0
155649
0
85
0
0
434
235163
0
254
345
59505
0
0
289
1212
0
0
166
142
0
123
273
91
156364
227
102357
0
118
34898
330
0
235900
33054
0
200
0
443
476
81854
295
0
949
0
278
0
0
77936
36898
0
0
40805
366
4542
246
65210
214
282
0
110623
0
0
0
229998
341
217
191293
0
329
120770
128
0
0
73900
0
207
175277
0
159
45058
0
180976
0
206
283
142
592
183
0
66134
0
0
0
0
55067
254
0
553356
353
0
353
0
201000
168
0
127209
105261
1178447
198
0
0
0
128520
294
0
0
269
52314
0
62177
148
119419
318
74411
209
26992
470
697025
177592
405
116315
2905
0
0
0
483
122452
36575
0
115479
593
0
7001
0
0
0
341
0
3177444
0
0
0
152
58628
0
325
0
416
0
134808
11414260
214683
0
277
0
0
146
0
35216
0
181894
858
0
47931
0
0
122263
58524
193
98691
0
50176
260
0
653
241
9220
0
0
0
0
0
0
246515
0
0
370
34790
0
411
613
505
277
337
0
97935
973274
0
706
644
387
1397
112036
0
466
210027
160
202037
0
435
106181
1404120
265
0
179729
84649
766
665
0
279
105236
80408
350
0
657
44048
106667
175562
0
0
199
107670
0
0
0
71968
0
333
0
114404
0
0
344
89047
50913
248937
0
370
123
258
105843
210548
0
122809
0
57344
0
338
84945
618
318
258
353
0
160
48445
0
304
111908
320
96176
39050
62204
0
307
0
110883
285
470
0
95513
8640946
0
0
423
23344
0
101411
0
217
171
0
0
0
44931
0
0
0
708346
202
1046282
0
0
136092
0
154
0
318
70012
0
143
109750
330
172
49165
0
52012
120649
140527
0
179
175
0
166
0
0
426
0
0
0
145
321796
308
391
0
0
369
117700
313
114770
121605
89219
238
156543
0
0
32008
0
25239
194
80873
72914
160
0
0
0
124074
327
270531
0
54780
156
75543
960
0
0
235
248
35012
0
114079
1709
0
168
121046
0
289
0
0
155
228495
0
304
169054
0
137466
0
2133
0
103353
196
1975
86069
0
0
447
174436
116850
1001
254
11016
0
133165
0
775
1179
0
609665
0
247334
38814
304
159763
151
57754
706
0
183
0
91023
252
0
164905
56639
211
154
123
361
424
46879
26262
100630
0
421
56571
100532
470
1580
0
228548
0
0
0
259
0
261
0
129947
7306942
152
0
378
201
306
976035
0
0
302
282
435
0
0
0
0
115823
0
0
0
0
0
0
109297
0
83253
0
0
115143
0
29460
0
76476
0
280981
27189
63403
0
0
0
78651
0
62495
217
192
115431
42991
127362
310
395
0
213
3022
0
75763
113
0
339
29440
0
0
78376
0
0
84553
9098
278828
0
401664
0
0
0
38203
61126
3628753
0
118
267
1978
0
148
0
0
0
0
0
0
97153
0
325
0
94571
65814
0
0
197
86870
534
204
289
442
515
0
0
0
90519
53546
116939
261
395
0
0
615
711
212
101935
261
0
0
0
174613
166
0
260
176
0
136
51092
52308
1078845
0
140689
111
0
116824
0
203
287
1106073
194
240
0
287
31642
0
393
175311
0
69464
0
46503
0
0
0
0
0
302903
0
121
0
118847
249
134
348
129925
0
0
163329
566
0
503
1189
0
309
536
128359
0
285886
47846
169
522
1062
60377
0
22740
240
0
237
247306
0
0
0
1714
446
14101
271
16862
546
0
229
65138
140
0
0
0
0
327
111034
301
296
55145
304
218010
0
143139
49290
119407
0
652
380
1687
169
0
230
193
0
300
0
0
48664
421
120022
373
800
0
0
65850
46293
0
0
180410
70735
334
0
138
312
5187799
0
48781
0
0
2883922
182
132518
0
50635
720
335
0
1294
116604
150
0
52686
37727
204
41486
0
408
153
0
0
66927
291
0
329
0
379
289
0
82866
0
97199
986
63245
0
0
237
335
178
518797
0
0
0
0
0
1957643
0
86403
0
346
1244917
92016
0
0
0
323
232
0
82865
0
56539
0
0
0
322
0
0
0
530
0
0
0
68546
0
53463
0
329
0
690
166157
48497
0
0
0
149201
0
230530
61302
0
121839
0
56124
365
123954
285985
204960
102300
79373
0
0
329
105551
339
246
0
567
0
105286
0
371
26345
65986
196393
404
250
0
0
187072
119
105
0
35766
50125
0
237047
0
258
264347
61056
246
86
373
142330
183
34560
0
0
0
86408
0
395
123267
245
95675
1554945
109698
0
69457
372
107209
0
110350
0
645
131
0
1033
278
1717
7748
0
0
176352
58773
0
406
73921
37917
0
0
714451
0
146166
3731455
33189
308366
36097
448
0
0
0
31415
494
157
0
0
390
321
0
114553
0
267
190996
213
126132
344
52919
0
0
28993
122224
0
0
0
259
0
48890
63325
0
2563
0
254
0
41511
0
119715
0
122336
0
413
0
0
0
0
717
112
207195
0
93669
0
0
32736
819383
250896
0
543
90210
126305
49607
1872689
240368
57210
0
28670
109399
0
0
96709
0
345
84555
725
174166
42022
0
92486
75235
511824
61004
0
235
43759
113487
0
299
68331
0
67883
33828
143331
167012
0
0
0
0
145
123
27457
86565
0
436
0
172
124351
414
0
0
90903
74839
0
9422114
241551
597463
382
392
334272
77092
370845
279765
0
276
147511
273
0
0
189
100225
77424
326
0
132293
253
0
0
340
183
0
314
0
611822
0
0
155821
473
551
125
0
15548
658
313
71804
116217
133
51947
0
312751
112930
666
487
103032
0
99930
407
0
0
0
573
520116
68127
134
1773
263
296
0
280959
3599968
207244
46216
108251
845
0
60434
0
571
0
373
174
0
33966
228
101757
316
0
96682
0
7122294
891973
872
29995
247
46374
0
0
0
111763
122074
300
0
73545
87685
106255
72149
278
83017
105134
0
0
124210
347
89424
263
23941
0
107184
54834
0
288837
269
132
202
172820
0
0
146
65488
212
56499
0
119721
117
187
487
328
37538
231489
783
17175
0
0
84699
253213
0
225
0
392
127399
0
150839
75941
260
0
43799
0
0
48243
228619
0
239
95313
112460
127064
118429
149771
257
231
0
310
0
0
119781
43096
269689
0
0
0
0
294
353096
144479
95749
69015
103534
456
0
341
112606
514
64035
43516
0
0
315
0
183
269
0
243
1425
0
377414
0
181
439427
0
0
0
2784844
0
287519
11928
0
0
385
0
0
183630
374
0
79788
188834
0
1010413
39511
111177
402
607
313957
155941
295
0
0
0
291
0
0
125450
0
209
0
99618
0
0
0
115870
53769
0
112147
137194
487769
257
363286
304
0
0
2460
0
327
0
0
0
109514
424
0
840641
0
0
137
173886
274
113944
0
0
66022
368
700
108976
395382
0
60380
62942
0
123989
359
126830
0
1747
124847
0
0
0
113787
340
0
229
0
45016
0
326
43273
560
0
204686
812
0
0
0
422
653
2039545
264
296
241974
20325
0
0
0
248
0
0
0
0
84989
341
335
154559
78113
0
0
152333
839176
0
39879
382707
152
938
0
60348
2297
48893
2229719
0
91921
1836
46130
235
0
0
229517
587
0
0
0
0
113537
711261
0
0
0
114952
4927
0
635
440
246
212
223991
0
361475
0
0
423
0
967613
198
131648
299
420
0
428
0
0
140142
159443
244
40751
0
175
0
454
894
114175
0
103665
0
0
54351
0
110958
120959
263
150
139806
0
66730
431
80296
1439
207
126
4739829
94276
0
0
1439
0
232234
827
0
93781
52707
117041
252586
41193
64136
134147
27881
0
0
56350
173547
20857
0
0
158703
0
462852
0
0
0
110644
14888
141210
114249
0
134439
0
310
76665
0
161300
112222
0
215
231
141793
587112
0
87490
116794
0
39851
57891
0
0
9512441
147
0
39449
172883
0
113274
199
321
96472
0
329
0
337
105736
524
362124
405
0
91866
127019
102510
179941
0
0
0
10771
43902
235690
0
310
0
92839
0
497
0
85663
285786
186
50004
119770
0
215397
215
0
0
50912
0
422
44878
983
321
621
0
334
328
107251
8752576
0
0
290
146635
521194
0
0
117355
278584
0
118916
110249
202894
84595
0
0
13716
206
0
86652
174233
0
0
0
0
121250
0
0
0
115
363
191
117565
279
597
3123
0
183
176
255
89
0
121
118476
2306
229300
419
478250
288
0
0
0
0
414
0
1029340
152
105567
0
372
0
0
0
110973
569
11220
475
389
0
49650
149369
0
0
82879
0
67083
56654
100071
372768
211216
0
63635
125986
181
97203
0
389
22900
448
76648
0
345904
490
0
0
0
0
0
0
355
0
2421158
268
64428
39806
3495835
39850
83241
57917
313
179106
254
0
961
0
471608
6188
220615
0
91989
95486
0
151
132012
819846
49407
0
926249
331
60973
0
0
117978
2788
79348
466373
0
392
166322
0
0
77581
123806
131970
208
32678
243269
0
0
61122
162
194701
270378
2184
122488
0
291
0
300761
216324
0
0
188
91554
152
403
364
0
178975
311
253511
0
248
171
0
90169
0
180259
416
333
99703
0
93073
93416
353
565
0
0
209
294460
0
39164
64086
344
125385
0
44392
214573
385
0
294068
0
1248
462
298718
237284
0
227
0
0
141290
4131
134266
0
0
0
0
0
0
33953
30223
616
249567
116857
220
557
219
1052436
119472
362
0
101008
81312
154
207071
61173
94390
0
250
569
288
26561
0
61283
745
174187
379
52649
101649
44360
71995
0
126880
77497
107484
91636
0
6146884
684
119
82648
27733
0
0
183831
130
0
0
20508
542
0
0
299
0
0
375
0
413
0
618
0
0
136994
376
133
50713
0
292505
119441
186
75307
227
413
0
39359
0
759
0
221
97619
0
72403
309
51135
0
0
0
227
0
98693
44175
441
57438
91556
1492155
0
0
67269
44673
0
95551
474
753
0
0
0
92394
1137036
58286
26168
97246
11380
0
544
64443
0
0
0
297
252
169
44530
0
375756
0
261888
307
0
0
320
0
96978
0
435999
1554
259933
0
175449
103893
0
176
0
0
262
196
0
0
5511
0
0
307
0
713571
333
239576
0
0
0
0
0
195
84855
655
351
104969
157611
383467
130266
9793
96951
126689
0
5187058
87763
314813
0
63038
79249
112936
0
203
11760476
291763
357
460
0
0
69692
66990
131
0
86858
63916
0
299
0
66987
0
0
369796
112930
213
551641
162827
199
0
0
0
0
106152
0
275
0
0
291
126298
197
0
0
0
37615
75935
0
75278
0
0
0
351
0
202
0
26907
0
0
0
3733
154011
0
0
0
85582
272
82136
0
305609
0
0
0
255863
0
225695
67040
337
0
91949
0
571
0
0
0
0
248
58144
0
177508
62075
105298
0
0
347
436
217028
420
0
494485
52130
0
447
1081632
133518
147503
61985
0
419
0
153214
376
0
2079137
0
0
0
305
174019
92341
64938
0
224
527
0
0
270
212
0
85615
46886
83516
0
0
189463
103681
243219
63939
0
91
0
0
0
363
305
0
79761
150081
171027
58379
0
549607
0
0
0
62051
0
0
0
2916
238895
56259
137
199425
196358
0
0
0
232
134766
0
22541
93068
75285
0
0
422
521
103211
0
140732
191696
0
0
298
0
568
254964
209
87508
73131
247913
0
0
0
0
0
0
143271
407
2098515
666
0
0
0
95081
83338
56744
155
1651790
0
371
189
269
57407
284619
0
369
170
117800
195
0
237411
97172
45704
0
0
43474
378
0
105212
112230
24034
0
94715
0
541999
334
126722
125687
132
79775
0
0
137502
8281
0
1153
183
184
49181
129557
577736
0
199
159
55576
0
0
0
0
0
208838
0
0
0
63438
337
0
23085
52567
441
1100074
227065
36439
132486
0
0
269
511
8651400
0
334
104762
120105
7494
0
144505
0
1005216
0
159
141999
0
0
577
0
275449
34026
310
31390
0
29550
84232
716164
1275
249
0
86769
28956
28188
468
386
105157
0
1434314
0
115459
0
223
373
1662
0
0
84303
463
344
157
264967
74248
0
9364
373945
146
204
0
0
916806
107315
200625
397
0
108336
140236
82144
537
143514
133998
265
262805
163
0
129448
73089
3659
0
0
0
0
475130
64426
172
327
37198
0
0
0
331894
0
255886
33265
508
0
0
0
61074
68814
0
0
0
85385
143671
0
0
20586
333
0
190
279055
9362
0
0
49797
0
247
143
0
0
44030
0
368
88967
286834
0
204329
242827
0
0
0
0
50561
0
146454
21233912
343
233
0
60386
133
72084
206666
356
88621
0
105
262556
110924
293037
1461
0
0
0
75185
215
0
0
353
41871
0
352
0
58001
0
189088
94402
0
0
0
490
35004
290
500
235
0
0
0
157612
0
0
218170
0
262
101086
0
2255
0
0
840126
109102
94657
0
92689
4733097
0
84625
27641
0
0
255303
0
1351342
7042117
503
0
81634
1084
3367099
132
0
265852
826604
0
0
0
66102
117
76111
27732
0
109026
0
100904
163
0
1344
133
140045
158
86748
0
0
74444
203
461
0
117968
140582
106080
279449
37231
155
191033
0
0
0
108361
109238
141
15378
0
914702
137688
103696
231758
642884
0
64479
0
0
37545
16720
0
0
0
438
323
143
114610
0
248
0
348791
53782
64466
297
258
0
306912
0
0
0
2787
191
386
265272
117751
141227
186
0
915710
237283
203480
0
361
127897
82918
0
321
0
40032
66096
99349
546
13919
784506
0
414775
251
306268
116682
289418
276
0
153020
85019
0
0
134425
0
930588
383
203226
1537
0
0
161043
0
41841
43255
123067
0
330
67730
0
233
302
161186
84655
0
0
55053
144014
0
0
55007
2194
96164
149626
0
268
0
184330
0
436
5892089
64295
0
0
238
458
0
0
141235
0
275
73107
12521
44519
0
21174
1376874
121743
0
86474
0
272
0
61812
177379
0
0
472
163662
277
1190
103667
200
54138
1574
4268074
0
0
0
0
226157
0
0
320
205776
260656
454
0
98265
276
99551
0
0
57387
232524
0
42358
0
0
0
43643
0
283
257
0
0
321
19877
794647
0
13245629
0
367
520
86858
194
0
70719
0
247230
118647
0
146103
220685
212
79105
339525
0
319
84122
109351
0
363
113
25607
0
0
334861
0
112814
161
317
382
61784
17394
239
0
0
132264
0
699
0
0
230171
0
114523
24994
0
32354
0
213
0
0
0
156
128842
0
0
72937
359
159
128394
0
0
58980
0
1618
0
65752
120408
120451
452251
324
517
0
260
0
169120
93542
348
374498
0
417
533594
119105
0
50817
111865
0
0
125
80664
641
0
132391
0
997143
178
0
0
230934
105282
519
296464
97237
0
0
0
375
0
0
203
0
176292
31482
383
31004
21175
0
0
360
0
270
468
0
120847
88067
0
0
4166996
359
120091
0
0
0
384
71552
129377
0
119152
0
324
857
0
0
48625
0
83456
248
0
0
103697
346
172
206
0
40910
0
220822
0
58101
0
0
0
432649
190
0
0
267629
392482
0
0
0
110110
142401
112469
0
0
0
231
172984
0
1767364
0
0
107330
0
0
2568939
0
253009
114187
311178
0
0
0
0
0
3343
177431
172
0
80058
5881547
379
0
147897
99947
0
0
317
106416
239772
1297
49169
0
156491
44915
0
475
56215
106862
916111
174742
137130
0
732385
105714
0
0
49590
470
0
78819
101892
223915
86034
90226
321
73652
352
0
1127
110914
99297
0
113054
80741
0
644
60986
351920
0
0
84153
0
0
1337
1044680
130815
549448
120225
0
145
229973
0
0
0
64769
169
19953
0
113709
414
100340
0
0
0
439
61092
428048
0
47826
180260
1064880
0
0
366
66639
0
674736
193
0
118
183402
620
32775
0
0
660475
113935
1026
197266
1073
0
99509
297
142
0
0
95734
0
0
203262
0
70816
146436
0
173
0
0
0
703
0
367
250520
0
346
0
0
144519
95683
174
0
716019
0
19738
120424
147
0
0
126386
214
122338
101877
174186
268
202865
263707
247500
0
0
254
547
0
1639212
208
0
108194
155244
100370
14136
0
1229429
75368
451277
280
316
78207
293186
0
0
45637
0
0
235474
108256
325391
108100
90291
0
0
73492
59733
58081
665
407
573
73063
10856217
107247
0
99942
112152
34914
187482
68206
74564
0
0
166389
0
323
0
57220
255
266
157
2383
285662
434
205062
207
133
117381
111487
0
0
1039015
0
0
373
0
0
80696
355
108
1001778
95108
0
0
229026
0
268
168572
0
0
252
128301
0
0
0
398512
75556
123009
0
40641
0
65701
320507
126600
90256
269814
89016
126
206473
39460
0
93301
853
150126
118094
0
0
0
460784
129824
179296
339
0
0
62883
124
0
0
188083
0
180
81018
1743
0
2459524
0
0
121158
21015
0
389878
0
57605
120956
0
0
119908
24676
0
0
200793
154398
0
240246
387
374
113754
361
312
421
297
118465
1344182
0
817
109015
106739
0
443559
200
0
0
16675
0
584
0
281
290
0
0
542
259377
0
72987
232
0
279276
119700
95671
0
0
0
0
204024
0
380603
0
741
425
352
160144
253858
0
62157
40435
342463
0
0
178
576422
152851
0
347
53278
274
0
0
403895
106141
382047
107054
0
0
0
0
0
0
249916
0
233
0
0
512
188347
0
299
131477
216
0
3696512
262
115732
350
0
0
351
0
35456
86858
0
96901
7784705
0
108550
140491
322
0
0
0
0
0
0
47488
0
53980
77174
0
162098
34196
0
89328
0
85909
54142
202603
0
0
206044
115050
1291
1933
228057
0
164684
49302
264
406142
0
222
216
0
0
0
0
0
99735
0
104011
190
0
451592
0
0
108118
0
244555
0
0
1590
0
459
491
815252
0
0
127999
213328
0
139230
125483
300
0
670402
0
292
374
189
0
385
103966
0
86645
100167
0
80177
0
0
428
56587
98160
63803
0
0
251
419
0
96271
65882
123108
0
311
13597
77415
310
0
177
0
32687
278
0
0
78206
148144
107530
436011
439913
0
288391
35881
53175
309
0
0
0
94125
144942
308
268
341
0
0
345
0
950898
104313
203
196532
73279
0
0
107286
483301
140180
330493
222
0
0
386
0
0
22143
0
0
0
255650
351
129211
0
91236
0
119210
0
243276
0
0
0
0
52350
147
0
0
126200
337
93442
20686
0
68112
126205
470935
0
540
0
140599
159
0
164
680
0
307
349
87486
0
0
202618
226219
897574
0
0
0
0
0
84818
96026
0
0
0
2260544
195070
109661
591
0
467
75173
41826
1282
0
0
101821
429
0
246049
230776
152279
1065659
420435
614952
276
178084
32201
445
0
391030
0
238
0
248416
2228
594
2956519
0
0
0
256697
327
0
2437
100435
270
335
63108
0
115384
0
0
0
216
0
0
0
661507
0
110589
1503278
0
88252
0
0
5706217
1835901
98439
0
0
185
0
284033
513217
0
39333
83754
0
158
219165
0
19163
0
509
114326
0
0
1042338
123470
168566
0
460
215
0
0
0
391994
87753
348
67498
0
0
559
0
0
0
114102
56830
0
0
2084933
158411
214384
316054
0
63170
132
123477
0
110198
154687
359
853539
106709
225
429918
0
0
206
0
27560
124822
161
0
0
0
0
0
0
218557
128434
0
0
0
1380911
1601368
271
1733
2800524
48908
360
72234
0
104
0
60915
334
165067
765
264
44360
0
705046
412
0
90734
0
0
0
80493
1383351
218180
0
135826
328
306
211
326094
693
0
2353726
240
1175342
0
705004
0
0
143510
769
181399
159422
60422
0
0
3750711
227
0
189149
329
305
159775
0
0
97290
0
103446
0
698690
0
136
111318
344
284
72837
2521
25835
0
324
58964
154100
110996
68834
0
0
2377316
0
26713
101615
68083
214
1458783
195172
0
248851
120845
392
0
102054
0
145841
20670
86635
99448
436338
0
469
0
0
217
0
116204
0
660090
299
107829
37281
0
0
174
0
355
0
116722
4133779
0
680309
593
181
270303
1977
0
0
178
830772
56820
61803
31139
1128
59631
0
105835
0
175685
1167
0
172
97
60176
317
324
105787
351408
213
0
0
0
224694
0
446
181
0
0
0
0
110765
496
64188
0
350103
126226
339
4287165
382
76153
83198
154
258731
976933
2372
463784
460
211
136350
334
0
0
0
61673
152292
0
77078
386
0
80464
0
512
0
806713
0
0
48920
208
220
74596
0
78030
112268
117831
0
140017
3920706
241655
131
0
0
134
0
667286
116813
117372
289
0
0
172930
594517
0
0
301
340353
342
0
222204
177981
0
0
21695
0
0
235441
296
192510
71381
0
0
1563
88620
0
0
229
127194
371087
1529169
40524
126666
0
64685
318508
250
31834
94683
0
46603
0
0
78295
204327
116074
0
0
131854
29544
1261136
0
0
741326
272
52458
130507
117929
56085
0
188599
26632
451246
0
130489
0
0
346
0
137744
222677
54327
0
19738841
0
144565
262
177
208616
211
0
54074
196
0
79735
0
515
37503
784
0
0
124
0
137712
0
202733
0
0
63173
0
263
0
0
40101
56587
122198
301740
1555032
0
282
64998
117949
0
85928
1175597
164
0
0
190
8823
129699
0
5162
0
0
0
319
48029
247
104403
8727379
105111
0
114877
0
0
306
547
120618
0
548131
0
236062
0
0
18619
104760
344
1510344
164088
864425
133377
243065
603749
0
0
118428
92029
782
915
0
0
0
326309
430
0
0
9268651
0
0
841
0
0
99158
0
106896
144391
436708
0
0
2495668
0
1382
0
0
364
0
84320
246950
0
113590
43504
145
16154
0
0
605
26065
0
373
104566
429607
264
0
106320
0
594
0
109
0
34554
0
621532
0
123
60639
203
0
175653
473876
24255
40739696
1596611
15986
0
419
0
117
210
67379
0
0
695
0
0
190
9726963
65796
0
180243
279
108305
24367
139166
674
0
149
0
0
0
605716
120108
1160
0
133465
52217
11544036
228
0
0
0
0
473
229072
215560
233
30718
74130
251499
17832
144037
83835
2883827
0
356
391
257380
634308
0
0
0
366225
159531
129203
0
161273
0
0
104197
0
0
74664
175453
141101
605
174
89550
100760
126107
143300
255
276710
322
466615
80261
0
0
327
728
329
45772
133291
1731604
1147
177889
454754
259250
0
76757
156739
11459
102246
0
0
301321
94918
277
0
61308
91927
1212786
235
353
0
0
139902
5000502
58513
69210
411160
0
0
0
0
93448
0
0
0
0
417292
435631
202153
72810
245560
243178
129198
0
0
819322
0
324
0
0
0
171513
576141
387360
0
60656
96542
322854
191
373
0
0
123976
85874
0
107310
277143
0
70985
0
0
897058
123698
342
122956
346
395
357128
0
1736
0
61754
225926
0
483
0
116351
0
0
107266
0
84847
227658
0
374918
0
0
248
0
213175
62187
68929
1187741
0
82818
181
2325
79563
377
0
0
254492
0
0
118792
0
0
0
0
34753
162
0
50637
560
1032
0
43766
0
48490
0
368859
133164
115168
0
0
0
0
41629
539029
56981
0
0
0
14204135
0
201
0
1284
6811248
199996
74340
0
21804
380
782777
0
307165
0
