0
90815
259
80174
222
383
247
198
113490
81043
247
1958
317126
189
157512
254267
207
238
255
88339
346
219
274
130508
200
218
251
230
230
221
238
222
321
249
214
243
235
513376
197
96783
260
123496
331
177
130167
342
2520
226
72033
206
239
113327
242
160969
231576
179
203
196
228
241
212
210
283
109541
224
147387
250
310
232
226
205
562553
267
153224
9276
243
400
233
323
188
234
98994
250
200
252
371
194
220
141501
282
252
99162
73129
185
184
266773
26679
78250
389945
214
288
266
220
105705
243
258
256
1278597
274
348
220
151
185770
422887
81583
249
7463
228936
110561
327
262
229
232
86316
248
269
72188
129946
215
155068
202
180
171
86946
148210
238
129608
118853
210
95529
162
215
9278
180
73951
206
179
196
248192
195
178506
205
1114
340
190
205
251
218997
191
197
169
202
938349
171
231
233
186
101620
280053
352844
151998
183
148
149
285926
120888
101611
33479
3522
156
144
297
158
88077
111079
149
182
4330393
71999
111979
228
151
164
210
166528
179
464
177
209
169
178
208
110893
94793
256
192
173204
186
147833
72210
165
281650
667
203838
165
244
1105
119526
1116663
307
211318
177
173
132
85346
79326
220
195
184
237
110039
245050
149607
242
189
86598
84566
93316
120341
195
192696
131202
227
127647
585801
287588
76464
177093
205
91349
147373
291
73756
207
201
141
187
293709
55608
161
228
101923
1134
212826
178552
158409
158
135394
58431
121305
138
170
81556
2255880
186
226666
85048
157
372548
80174
236
218192
164
2337
134731
168362
177273
117
20182
182990
220
250110
192
235441
38208
518907
151959
109303
152
321
111163
146
159
173
237
150
253617
86024
378394
63700
76607
77719
180
153274
165
167294
143
158
193
169993
153
307
189640
150
187
178
183
77115
143
180874
117919
154
168555
168
184
247888
255815
191
329161
68160
168414
124756
97738
70344
217
100132
224
212276
16849
180
28539
216
154
208
198
2571891
9792
148769
155
164
153
141
221066
415496
219
175
163089
128188
169
177
134485
133165
194145
221
201
252517
142465
193
178
274
188
146
260
215
182
183
193
245
313975
213
246252
140930
315004
172612
125
48964
81275
137
108098
110908
156
77244
94942
795554
159
180
65481
140274
201
96340
136
193
130454
186
202
206554
166156
148
167
183
593236
224
183
160
318673
113637
180834
93744
96818
24716
190
212
214
221
245495
527966
171
235729
285190
203
134041
162
166129
115751
218702
139155
17748
241
282
123424
169
180
176491
126231
161
306772
212513
294
140026
62159
1855
98834
175375
413983
153
104173
187
207
155237
176
89766
88420
438
816699
3581
163078
114420
176
91538
82386
155
193
498295
196561
187
176
549595
137
148
260761
119654
181010
257
192740
86432
930297
352718
148363
213199
205
188
251365
89388
165
154
150
160541
106030
222
263965
103440
214
215
204747
146703
216
208
166681
235
148
171
169
181
157
110012
120316
157
244562
113649
138
205
255203
388663
225
276
136208
545037
168935
113274
218474
69393
173
278
125193
146421
514672
245108
206
166
174
170164
495857
411
156
125071
408188
165
102698
211734
139
188
194
194119
185
162464
325927
170
592122
193
381368
288197
81498
130709
115703
300
114
192
510535
284
170
236195
236
287829
305
132320
172
455
169
110728
571512
100353
102943
209
75734
227164
196
183370
238
109946
285295
89638
252398
165
215
166699
238
144
149884
244090
195
116634
186
162
107658
555334
191
190
5045
225
145784
185
349220
344
171
229
232
125820
169
202875
4678
133320
570573
399847
207
356392
264
198
165
304734
221
66119
183
158061
306668
79359
70004
178506
87938
320
173
82608
71223
626083
98931
171
151783
99402
248
181
183532
145
66905
130439
268897
193
53781
729353
108155
180262
218
263153
187
813288
1130274
143
170
93205
198
218
124111
106748
154
233
124126
122161
191
209
4399353
192
363640
159
150
229
189
177940
315454
123881
160061
192
314791
226
27281
119787
115348
169
395737
92858
118084
208
84068
161
189
88265
153
83528
239139
263218
391354
209
238487
424453
127255
109115
132149
178
224
198
167
174
178
94884
96560
199405
221
206
130048
174
157
256227
76402
1311357
172
137132
297581
212938
250696
67582
108407
180
187366
193
206806
298
219922
284167
266104
178
149
108805
87274
225
161
84985
324
170
61665
268449
805926
1249659
88350
98547
201753
102104
164
189
132330
400059
193
181898
495
221527
167
233
259664
201
128
221
211
171243
131
204
189072
294173
314503
267
89330
245
152559
90636
77615
153
308528
238714
144675
507601
162
190
60517
197
336412
283
573
140
209260
144872
181
193
78934
142015
217665
239
269359
186
212
22955
131955
148
133891
499898
120124
335994
61398
183527
197
197
298235
191
199
178
368849
137246
391080
212
127165
167195
305621
476
200861
306394
195
171
141538
164767
468975
180359
130
224216
531352
149
138
209
114985
184058
566875
127536
479583
121582
311757
161
124681
22123
191
118640
206
152986
299915
322919
156
714946
206
170
164962
185
180
1090926
230138
42266
829584
89285
231
155
143076
174
183
211943
182
246801
189
669779
177
143938
105638
190
235529
405
184
312
146
195
190
167052
233351
176
176124
119547
150027
212223
1024
233123
190907
82218
205
104344
119469
170
346819
100371
146
284710
338970
184
181082
179003
169
288855
183
93327
260738
1182055
207
378371
375103
96088
90781
247
175
177861
352701
222
111761
246330
305627
235219
180
92584
75072
159946
123980
202
161195
206
221906
1341
143913
129148
132444
255127
135
202
109760
165
95772
337
198
204
155543
209395
175859
1192110
232
152
187
92439
161381
233656
344564
162843
136866
227084
236724
313111
271791
165
145
204
567256
207976
334743
209018
185
195
92037
36438
752061
123523
189
244388
104848
382037
118992
118458
125419
119609
153
267
225
211658
382771
184043
192
138717
124479
260273
140
188
119663
170
183
126
264484
128832
728809
656960
140
186
374041
157074
76993
205
521
123882
195
183797
146
122454
125636
282258
64571
305
235791
189
240196
193
73970
238
156437
135
154241
287311
157
198532
351757
220290
460007
352565
180387
195847
171
1157533
207689
161784
103828
215
342814
508708
419670
166
183855
22638
1032158
208128
188707
224701
209
5668541
156801
82272
293
240834
88128
323319
33411
183646
86508
114232
183286
64781
153792
222409
14952
165
336562
300714
154668
164
247129
215
206
157604
104573
196381
163
204299
166
184
126
218481
258239
275753
153
173189
204
126432
248
206485
339271
137
88018
211
304548
519623
250
93231
156
265334
279929
237
1727617
607936
548114
259517
178
544405
874872
258664
213
105005
188
221708
884438
167
173
171826
220
186
482257
92149
389754
264563
135871
151088
189
75636
262521
268522
217326
107902
289
211
523791
290110
73002
207
693558
327301
132244
209126
153
1009751
173
1194021
209372
187
93670
109787
170
367396
82203
243009
286
232045
146889
211616
521281
164600
99048
109072
136431
265598
122
132187
369120
330820
98303
311861
579882
226015
3698968
201
162
406689
106512
140368
140
167
385910
80424
191
114794
84294
46394
242368
167
13470
503275
312667
229
208535
172
116259
98805
451
164
170657
608309
200163
191786
306318
109346
191
250372
174
229
173
177
355494
411452
368049
128
52992
650849
357664
762571
256926
268
399925
108430
141781
293820
94702
805392
257127
201825
472242
147635
376444
436059
92638
210
314512
168
244214
158357
72919
170900
238314
279196
1024272
144130
842208
132556
356294
175
233282
163787
192736
171
183950
159558
615313
203
718317
224592
106804
1231076
186
834426
103600
655800
160133
144807
325840
185184
119786
134624
396906
606496
105047
325883
330027
230
83756
261308
218588
169
384752
196334
154
107296
142055
555042
121890
69816
241
128
445585
223
104346
3805291
206
301346
386844
437373
37710
276
499410
254050
575479
400902
235
374
334072
114926
109228
145588
199
160316
924487
231931
117034
193264
226426
148189
386477
192264
1062251
848582
283604
110729
102486
207
424873
204624
292899
244
96652
899628
373865
229436
197162
85492
166776
117001
121637
544
258269
137582
163
106379
191
281497
111150
125989
396155
123
686541
282
74101
290833
295
191
104663
140679
372467
22841
92444
171
164398
168235
162
343564
127297
257454
295239
210772
132
28197
190210
79955
538283
228807
312356
740915
211814
60628
211
335731
163
173
863047
127
93094
172
76003
166
681001
221
223054
423333
244029
354331
292900
239056
157
1498859
183653
397547
1047308
188
155
175561
394196
185385
150637
200
178
222
165
217
598883
299770
556301
285000
1645149
132236
30335
106660
5423
136285
100984
65915
234
213782
190
231
252806
190
59424
411718
111486
169
153076
86142
323496
85351
211272
165142
643770
376801
1179463
287547
3306
353552
67314
221
1987904
106994
250193
320354
549290
69941
141720
183
103769
178752
407135
182112
106639
1153811
159033
300970
112384
216518
157
189771
281
544718
223826
125622
201
380692
221436
163
444606
462046
216868
446379
481719
96499
20917
4411292
289161
110850
135481
206778
1225760
426197
304152
191442
440825
559352
414653
175432
208302
237409
127769
342945
590870
171
163940
55128
282658
114668
511957
280
112476
261645
285921
253784
301628
154001
128979
259810
1325968
466602
654525
657840
227075
301248
169202
152668
427512
211079
336473
183522
1875167
181
149728
74682
827583
71422
148031
548963
525241
86772
187
261018
233662
124514
489259
109710
211729
279644
1416
264644
193
604803
1206977
158
249100
468256
682458
231021
191
628303
227565
179955
272250
161
205727
423763
287834
115216
243721
243
62990
143
612585
336183
45785
259113
120963
124751
139
108096
441077
184
127840
151141
166
882285
226
748055
643970
694279
103697
409798
572304
116905
597523
116262
223821
111257
210903
222644
815559
216589
547490
402110
251676
183772
517876
582046
183669
288879
153747
97463
113666
460522
205
196432
257605
216
112922
181265
355534
327914
227768
181
421926
166571
268805
992190
332746
409595
218055
73469
115120
307434
203
366289
467313
281
281085
306595
109676
827679
191
221980
282699
435621
468946
640
156
264191
314026
213169
392845
240320
169
160
635528
77703
982024
169155
243
1011606
241
84954
292524
439363
845962
531141
161
401286
573602
170254
224865
110842
171
200991
422050
259278
237
208090
221
1830562
275321
1996804
133878
299832
282033
191
49918
127675
131656
181877
459100
167089
262
168649
169
47137
191
266
118912
95334
250859
192
75926
759153
284380
517953
3037096
3078
3214714
249292
501555
215
180
132716
305578
605239
1041499
310759
301
742309
170
165410
113707
766407
701499
116501
191769
69505
265234
234852
186307
427716
155
150947
242491
129968
31623
130857
334080
161757
180197
384120
187596
110287
147412
262948
317081
194
162
208089
846585
96484
168341
187
260854
204
407644
707635
144932
212
224
154228
320998
240372
156
403055
134633
837856
317029
142
131781
131546
191210
108233
209
169
203579
385566
34309
281924
16777927
111544
271239
381512
131885
689776
97924
106633
212
809364
198097
195404
254685
200
94297
283644
208
302562
308072
241296
125068
85646
109402
263
265
183749
263266
257125
419522
239
256627
177270
99220
345475
79030
367913
244379
451529
229363
104513
102919
171
271792
139154
111952
589050
188
909415
373880
678518
926526
201
439983
88677
1616328
274
307017
201034
89919
174921
114514
282608
519809
378065
674586
142076
206
619006
375566
385352
182886
163683
9320
113832
370113
136378
407003
473904
225
125333
350497
428403
1047510
254689
111485
173
270510
772536
313493
165
107096
316480
342894
1367470
407363
1163
193
228220
131
424010
469446
440008
1940
122
179
277445
579569
248138
332222
922083
230182
198
142669
97555
244
631720
214
219
191244
230
212315
150113
189307
142
257410
78396
1619267
171
21070
127751
511982
244647
273686
271037
228714
128043
194694
308703
192
242488
503640
129608
194346
163537
529143
267
1352206
256743
148979
759590
371429
294553
169572
205456
286420
311893
459984
192
287113
104625
157
732608
92492
242430
450278
193
694956
243725
757852
220
115683
294659
215
300551
143
207695
192
110479
407913
4871720
141296
432325
262253
133
376310
259843
323337
76487
160728
434314
71268
115140
204681
237733
626660
99835
134681
255034
133384
486739
88114
233
290844
1526876
123793
775099
166123
367348
160
264554
207516
203636
17194
162316
352438
76302
383413
357562
269
178494
180
269198
157
393807
75944
393784
210743
236
193
433034
145
222740
108065
507100
612992
614869
199
558500
614713
381118
448947
124082
150999
154220
162133
2460673
335856
449489
269615
273
843378
358397
486107
101908
187604
176
182889
977211
490048
191
314865
748344
532042
211
379293
427952
91531
464678
186553
85994
740879
597366
83056
1346550
187
389977
660667
555687
96389
146
198121
256
1482199
1413040
272466
608925
368255
152801
412821
319564
120212
200456
394586
176
134573
168
330271
224
168
74756
439253
1718915
548374
312507
195
534849
229324
251488
220
194131
11285200
398748
456337
286750
508541
251555
257137
210585
71872
182
745195
210
338410
151855
96753
134690
366753
135
953155
115241
458293
471242
93773
258148
326417
123071
609616
215676
229131
352663
770638
1202523
157530
136056
179
354401
89604
228437
799982
202611
293986
171600
1398094
325644
201569
320867
190760
187075
228808
198
173
803537
300878
178780
174
101262
964136
287223
365273
349330
348124
87118
106946
151925
140921
121797
151698
174
806880
1038489
141736
83210
208
189796
170
130
448847
241993
375842
84699
233
390518
1076251
188
147678
250943
200
105523
148
761245
213484
203728
145941
420000
191900
287106
423293
237
1021834
203
1159191
190
503898
210
205
301840
251
310259
298169
236387
581864
201606
185932
166
455138
100376
180672
163
173420
982390
146274
427337
553345
179772
134420
590893
199492
174647
781956
62847
305742
301717
269721
194299
890347
240828
368968
281
14089746
706352
585877
601077
249
492465
350187
1030820
630510
168
285176
553430
242820
312006
408450
416086
37228
3102087
380971
180860
403246
569164
522672
538281
86873
615335
165089
3312374
534722
382776
264446
119439
90498
108173
145412
141
392815
116004
259
472134
437388
455995
93031
1420357
200943
179
229
562684
85161
138481
464828
503546
136571
244
377319
201928
726311
362733
166988
739965
401854
550241
409541
146879
166548
142597
197
792178
641909
440142
226654
486147
206483
707335
275237
935686
121265
215958
4902715
442276
331741
491316
396295
177
15952
385671
382777
218
113913
123284
5783196
214337
214089
201750
201
433994
196
267029
1187809
179311
314813
173
159
255120
168
266996
118165
248
628327
451965
211901
267
75013
167
171
247901
229
138855
382241
293730
254838
164844
161753
185
399854
282125
405663
500586
162
186157
358793
106906
635383
462769
170230
1188102
554896
423865
182
531040
215
354736
499759
550582
252005
300357
8889
205
1153731
552857
898245
757422
303394
223
434352
548543
183
602367
190079
311131
196
230148
293739
183062
265
276169
971278
180
124572
422035
363522
306925
433498
208662
525552
411817
2053022
244342
493874
187305
396011
2703570
755565
126
502926
99760
664133
325382
25800222
22714
299172
480027
368336
299760
189
185
2488
130088
110351
1876600
402
211
901796
228
550436
574499
115636
279170
876301
253688
346763
472251
367469
355824
277
1090275
349029
324268
473183
139298
587512
274643
168101
157305
580330
1201164
602899
366920
122014
649144
175130
212411
279553
131249
94515
364525
206088
229129
598442
721126
231587
391301
153406
264550
229
84839
667467
305361
81704
1454770
126928
408048
199717
678387
211
306264
164
1105817
819147
382939
794917
362684
1183329
116129
81445
1066471
189151
155
169
114542
479613
98317
131
6364942
358919
403885
176
97455
295793
673620
177225
257998
142444
146
712491
98506
431218
1427631
675962
95631
214
91032
103215
208
1001071
216
5975190
199442
643213
327012
256667
158909
198
1026411
255498
1073981
194924
113164
356189
781847
214
484793
1713081
327850
237358
402540
562888
443329
395811
1122475
90064
344446
270542
786150
144165
731381
553737
136
214116
82699
446276
392370
136067
539787
89576
1434704
341594
228686
555455
376590
160
364396
120269
363583
176
267827
240053
1366236
137
570216
185416
694454
608780
364714
310117
180573
257282
225021
225187
176
283746
388584
161
227803
105189
696514
567140
322334
499560
171
346910
182
530166
150711
477550
301728
441154
317682
503467
218898
363174
748327
224
419298
606566
647726
396022
419763
872307
202
413978
248484
443795
268924
587071
1039741
125762
199289
766472
212
178
206941
129265
353086
160
265710
177471
307523
218129
111183
116812
168468
355639
509177
176
534294
87539
909027
211
390100
318895
480499
595937
487849
518447
329338
525038
710806
389785
277948
1219380
441255
860275
453671
237121
875397
488203
179383
98727
173910
496537
363531
302601
98101
161
205189
199130
489232
603877
718781
516852
303590
687155
569117
823088
608529
185306
601627
1222895
123550
82078
214434
464713
365212
257052
376372
172
295022
219704
172
428785
491424
822145
243
250729
801940
403244
724818
356584
325006
273964
98098
487705
113839
192905
764760
411512
269573
425928
1315423
290792
229564
661719
197
645094
411158
629928
188963
183
88504
295332
1016942
308
325051
294288
2137440
445974
543975
269681
501860
170218
1036749
497393
340365
774469
304604
251383
535596
129164
2869515
463557
201
556193
277070
470820
28783
325062
931374
130507
390451
243853
244988
164
548681
642895
723242
759145
476720
416575
419205
131068
1341140
403645
142195
264065
201899
5396084
800565
1088166
3771008
378114
399457
255488
302366
584196
187
55331
315501
497488
235857
65561
212
99855
139
585513
196
327485
489239
188
740963
345227
316968
176316
110807
97504
464056
17433305
83236
571378
586601
130278
845966
2357142
413860
674469
350681
290919
7865
170382
199184
889841
292850
127
502415
1299751
744508
307839
670887
275775
367372
457549
543559
262480
123773
690354
213257
100654
42888
1186562
256776
111879
251
261850
137288
307
80234
337782
538262
255187
920127
220
580613
407796
486369
589326
109576
237288
394706
143
181152
197886
378328
702953
1170507
120838
116754
664950
124091
291613
152
145050
107209
546750
465302
148605
332004
188
224
852306
1842219
262296
332623
348807
273366
323222
874664
810406
257
434760
258153
370248
258304
77362
507558
267474
797032
651671
1116168
345311
518497
830176
327111
140795
6766
143023
944680
188583
239069
307379
463532
215799
194377
201
151863
371209
6344663
35785
238133
222145
182361
118961
408543
656255
322173
367510
180190
953581
177095
504579
230954
894308
1017421
293020
65737
629888
330504
722867
487249
395751
409217
698556
84076
26370543
1058285
218957
118629
426656
328727
485186
294721
193613
146702
378417
308639
412030
626642
364603
579817
347860
518463
240900
514356
227
172425
1025216
93146
383884
832215
181
940493
4466048
896100
120756
1897277
314074
197758
507113
478420
184045
540837
544330
185
295584
222297
297516
252924
161
38086
1439348
165640
159915
897768
346196
1205187
1353804
282430
554133
81134
75481
374141
142820
170069
277098
63505
842590
334208
120642
220
252359
231257
493282
1600672
21320670
169
435610
146923
1125720
517659
178840
657451
1649176
1032079
367493
169447
909069
1969543
988851
618279
601536
1017756
136
562275
227
258446
120066
5012596
2998373
724901
414515
115921
611079
675390
953238
278956
296708
115767
539123
1022454
217766
439082
407132
668595
852749
206488
227419
448352
268854
1147004
1014966
830715
110262
317054
295540
277242
349942
495724
131858
443154
1649445
170744
1664795
58680
375463
484229
142
1831288
436319
210793
388557
99453
380180
828256
108368
135404
400203
354670
214004
356566
134996
1437331
366565
197
999510
1349937
1021188
233798
241900
358896
453540
294240
245991
567891
202790
186
360116
209
426113
493263
314156
127836
246170
207822
190236
654006
3566116
582352
348916
150505
226977
717686
379654
482610
70525
185355
126840
917952
356571
963907
1102816
586886
391737
908064
460336
1702009
892822
474545
60036
911159
2742798
850522
195330
220455
715046
134686
1169532
2253443
76427
225891
601263
448009
250397
797402
873410
213
530452
208663
257648
495936
647217
197756
376087
285418
426036
185
319231
467333
123936
880556
808135
579316
619214
224370
340712
314937
319069
310095
558775
1832864
853396
184869
175
440844
167072
9639
896870
553363
126257
1216008
752103
167109
398300
610046
709765
641913
554709
695267
731374
353078
849275
610139
661928
737787
206772
315897
102004
136
598241
98014
587279
1786881
237148
1050471
507721
250
241104
5023439
721682
229044
616158
884032
2031927
806490
552741
379823
428629
397429
1969449
1689273
31513
1690605
309903
320076
350851
962098
158640
1058177
161
401662
229824
258234
546455
619770
601396
2444827
4872259
213
152
490415
203444
585477
342837
638368
291465
180
618858
629395
1355293
140788
304398
832794
198221
378951
235
270388
127380
217282
566441
163
535081
249158
175178
1233096
274697
365003
923524
508431
340718
332055
151
212257
596859
419062
409745
450473
290997
251570
267815
429540
310259
868775
99980
3686099
489068
563441
187203
317230
337102
435215
465868
486775
221748
159962
184861
352751
371703
99381
203736
614819
252
334468
910569
474349
209962
644247
250262
505808
544616
101170
2800358
536211
191557
844635
1067166
730727
529941
617965
763284
129475
973813
158230
7303180
1244026
310217
769124
518551
2755520
1003263
151
486598
1071108
406111
516891
539267
173042
366722
997011
504066
983790
1199244
531070
223967
3910496
247318
2932
574692
440172
111
213890
319127
208
137733
109848
394693
405916
113487
135216
155229
150
192
289151
526341
141
93014
950374
192994
1472788
449161
278445
98731
20903862
1455259
481445
460131
743906
678544
957218
155098
197
1144284
514515
654147
334523
286170
231
1043300
898177
152
371192
1149165
641977
256205
1036799
171355
337808
214
576633
261310
780201
374653
277247
18389283
445574
298460
723832
239
840830
182182
817010
718064
445292
92523
286516
292598
839895
1225278
1560943
138679
608924
142914
212887
194
341417
138361
288835
370931
501340
648256
411803
325342
993708
84448
385000
491617
1532723
200883
142493
77195
197
981874
382871
240110
187019
1168962
187275
521333
1251368
2272444
1356181
187582
907132
797599
103988
1143162
853432
909564
497346
398208
495243
160
1410478
1186078
677479
498440
544131
1056003
626732
910672
809788
197
596310
600966
241023
11708434
383037
348565
321331
478847
965296
389588
118361
205597
533480
1037917
148750
617633
548603
796152
299002
829382
1567081
721979
141
128066
471058
375256
185272
714725
862926
621223
697615
939476
439439
513999
595773
409548
416156
340941
446970
175935
401708
1127668
218207
501630
186
199
557190
992421
886041
595074
145170
1304997
262552
476395
300507
389057
140861
573316
507685
259739
94998
580970
250909
375530
1123671
691136
71781
894778
818479
156
527753
496066
134
723947
178575
310343
204492
686362
180831
254216
1347485
673755
229806
1006898
397948
263850
153358
583773
107483
843695
368816
1251410
846941
248905
349152
134659
384632
267999
100493
653476
185679
460435
160867
879661
9555005
534084
948774
442257
83976
392568
393770
1991345
687381
464324
691243
88094
537000
481182
442998
547805
500520
748172
266385
841544
140047
524698
559422
625316
93059
678291
248977
312319
1447341
178570
464444
1802208
252259
627429
987762
213831
615706
293
4043892
281291
792082
30542
900055
164838
355477
733297
712797
314225
322214
862816
121041
217095
156894
164
297935
27173006
563430
285142
246865
572191
466133
649181
866036
678438
765056
127332
85783
233751
308791
610742
654231
387910
534324
1028439
1132179
74023
213
921815
345156
329187
580461
92011
705558
1327774
813686
1405333
498443
1130714
7135496
294867
557514
461750
133867
463209
450225
360645
1381622
743276
1071851
180
159306
1396320
243
686188
337234
248893
809379
195
234769
132850
225234
1944931
1356961
1078107
361445
682633
672336
272058
379867
7278252
1007881
512689
587696
1865197
579697
1383269
17000
203
342984
429790
258373
599927
268420
126247
358880
591689
550609
467239
633899
150179
126808
458926
412548
1559980
667644
401051
1569996
240372
173508
1562921
1574794
246354
846166
184480
717682
1326523
453656
928478
950730
252657
357509
466861
154
734741
351997
798445
475155
1062768
401343
91229
1535845
756472
660984
618545
2462575
1093836
550890
224101
586502
519645
176
458534
610774
431469
1051917
660016
135904
511499
363047
427612
477509
561384
402979
60569
125298
666270
210
258755
461427
385591
584304
634674
364314
238
293559
219
133872
249570
435521
181
939266
295
161442
1097265
2130990
531678
590313
607806
464764
468444
130754
602980
194
137457
557257
2181470
420458
285010
1012518
241501
649992
194
146342
730167
600547
1310900
617445
462467
501256
1168347
266766
627808
192187
1101705
128
751376
157603
565228
523605
546358
206125
2103965
387983
232
370947
245103
802194
89125
591038
672742
572672
124284
608863
6811328
3390076
175004
187116
16517645
630648
975445
163192
618183
251450
1122721
5858344
404052
915094
1054157
434615
22052888
653667
917699
1039303
229992
241747
324788
302371
104597
125469
1658453
486183
1582172
508561
186452
514
378541
709160
993810
241
213903
510029
1055340
388339
1473217
14011031
129
919704
438905
203
615878
2048898
583982
398197
214002
504117
895317
468394
596212
214344
198673
261176
4863300
393446
542870
249199
376732
566344
818870
362181
1285229
677954
527095
1728775
818618
10185184
219925
822243
286369
1582653
94842
255695
391101
567867
11080207
354217
682843
152196
1084209
289
111701
602569
435129
197851
659011
1295394
511521
1537893
946360
878722
465541
20635406
153703
212930
843779
1390655
493341
85192
601857
552687
397697
793519
348099
1624356
257026
294830
3348113
776339
533242
713936
243461
148315
224543
1291311
539024
1689497
804468
136063
4121734
635919
154289
725799
877249
818396
312527
1468464
1074062
842165
483545
428933
557517
196620
778069
911662
1943856
108944
326692
172241
154072
175
178
672927
1292733
424180
1453019
236
332229
132178
163
551579
342785
90687
703884
446035
581414
171759
253136
1736080
1447841
428024
1748132
500805
388646
594763
734537
1146424
243350
955335
389519
980668
674768
309654
1265168
144
562918
265970
73286
1360549
140690
370931
249713
268529
1147436
554536
851457
791376
281481
1003036
885906
308557
386143
784332
664609
586013
259952
127575
190097
843249
1786805
295777
873662
351942
1077828
748261
587069
191
740434
175
130263
155778
631611
476232
231035
1978776
1701430
321577
180969
829126
543451
1341553
434163
1371340
252578
821751
917314
241059
712231
479834
788420
626047
754831
448337
525667
624184
756179
756950
314989
644825
909696
13847265
1294998
296657
2265896
9597945
1136169
829738
2273719
803154
884105
623380
163464
928861
1219047
1018339
983858
165572
305180
470286
413261
772096
591897
987964
714967
16613186
961904
341336
434861
560835
1258252
477581
515468
367503
295527
366212
364320
229
559455
946203
201750
489972
351619
261420
355514
419640
232013
1416106
412326
233392
859889
1056742
2052165
887808
1825875
122160
968627
1040002
226
830176
706477
235147
2253214
422919
258
631207
760610
299
513933
1486915
910821
7394024
210402
1156255
478984
584020
722152
1069026
7718842
724501
449609
163198
288648
1112977
158957
3211065
899231
269316
155395
324776
165010
141660
386023
523544
1413303
4111682
1355432
1114719
569194
744733
175386
1034460
126914
43120
1115256
234591
700003
93783
765146
713637
796522
589833
761014
988807
747281
1511310
276801
102406
567476
1290480
562181
494560
179
451346
435360
424817
1168537
1288502
812533
942471
8489991
1357540
192981
1458573
7375854
994405
140610
411975
514794
559643
366119
870217
2890901
689048
198
1042670
523952
1112887
3245088
575164
1834946
845622
307062
14680238
859821
1298638
1338319
676906
588455
486869
1747216
2891593
133366
507908
557181
633440
764538
469668
424157
415081
488931
382851
772685
536697
176
759990
1079543
736243
1011062
697235
171063
950528
645088
811436
595951
416759
435617
2767784
187677
506875
1206116
2088417
801647
181799
1009670
499427
2729221
818285
265559
681003
1077827
358941
166163
207837
323396
343832
285294
797308
404912
935555
345852
823090
9424552
799851
481001
1090694
1022720
274636
1529094
1103497
787996
1514016
1173176
177147
1102747
30880634
312174
860362
141
222188
6889600
422616
2560275
1822959
378165
679764
693260
230897
553184
121282
1066046
549154
612151
156710
613804
612280
438796
703433
812373
228713
451052
565685
433533
1049970
757776
111825
677562
1236426
639874
869356
947909
190705
140381
627068
547562
1082212
737027
365830
282790
1680606
404155
336037
512172
2633883
301442
97914
224106
309407
575488
334871
701292
754307
436078
341559
512331
4143892
542739
448869
546619
555284
167913
920573
706841
897771
458723
410486
3358768
1296179
1188953
166935
173721
392010
449804
723685
342456
565471
827330
905504
300048
398901
2587187
105662
588916
889545
582717
1156749
424974
1029010
1200320
684520
1728406
718623
289157
334398
515013
200
1411205
654727
679530
347777
611927
226735
234206
130515
677168
5005564
22241571
387813
973643
303843
141488
5509297
1622316
487352
253464
735640
438556
1013079
367074
160623
2483123
931346
1336231
688978
1313859
576326
73036
787936
327127
623333
897752
881889
269538
384277
1198017
346829
373966
501874
2319866
1089770
905128
514704
1090244
498640
1360345
122141
691132
934089
863229
2046090
759958
164
2604791
276806
168492
998904
293571
1373702
404461
575232
879605
1008722
947069
190
1195006
267994
3237347
438075
414730
705840
250018
536850
434278
641986
456326
830553
551079
618452
776638
642910
1430931
403063
942535
770021
774002
2043296
523933
777452
939981
1290053
1516801
16368731
386276
433200
3793339
734064
376284
86545
74124
884295
724412
2116479
1659254
641895
144434
122701
13072155
754375
391447
1151022
268433
304250
543562
1275438
862805
1488671
345677
232332
262485
388994
367955
183520
321751
1459751
3132025
582411
3776833
394103
359392
916310
738372
1003819
1145278
460900
185280
2758491
1221408
1423209
816022
447179
421386
1771706
257205
234018
651155
971848
423479
1045424
2244519
801572
756185
4597
797256
505199
275306
638065
1843620
360475
718538
443196
1711157
215897
1680797
1452870
624802
1064291
1098961
691754
343396
428580
262231
380148
307306
954801
677469
1745957
450315
400637
437220
6546384
997170
852989
313671
680471
223050
775211
296753
1039267
142091
2468589
716302
480241
541807
928059
1051013
663046
31880768
912484
616417
1116614
1410182
954972
942715
928233
289765
1662139
281622
2451743
262512
54479
8016153
574156
328061
2338015
353944
610466
1434650
1455607
765629
313600
1557080
430722
1116789
2306402
325869
921807
722052
1020656
460356
739814
909037
766792
699217
1888754
1457700
2160747
671239
122247
603163
388770
967405
412259
910149
756696
3625446
412617
1049531
367828
659313
1087216
715321
358199
794477
649224
1167485
828992
586243
17911116
860065
300302
272430
2276588
312829
46285546
663686
2024849
652190
549140
656910
470554
488673
1765564
1613847
2661174
4543268
465591
1135053
755182
334996
305318
823302
856002
377728
202349
1216264
878599
521759
570724
512245
1716631
488810
1096745
336321
722486
1020242
635207
262091
445832
1749352
956621
806943
2228265
201744
285355
198527
902145
1208312
886347
1181266
595050
1552861
659433
238552
422129
1071674
373754
246
991442
1977798
585502
200759
805306
1735296
982428
296934
169447
1504417
712086
537195
186
777921
831210
268176
783585
502458
989121
1064992
762109
205011
18845158
170738
1125704
4438852
474478
196125
555923
1154223
539264
498574
1590264
753232
831322
2561175
1502468
103546
879684
1839354
1123255
916376
280756
321365
1552797
1213662
395951
536698
478515
508977
485563
144632
443340
331403
1311193
700069
4438125
412276
1257313
506968
17006202
68996
284669
531205
803636
931883
823674
218905
195532
352482
548381
554645
17480811
688708
335125
2055381
153
2205462
1280163
237468
449292
603533
1051781
964844
97700
552506
524277
98611
240786
3913166
233729
418188
2454746
7371425
239126
159138
3168328
227
685547
1221240
711705
343805
485982
2707951
1021371
4235627
3415981
1385513
634362
431833
623791
2104205
621397
1477536
494567
240927
1143244
923173
972300
199
3152
790151
455
1244215
425160
1066770
530141
390279
1600285
1144429
1418410
1110395
1055529
2476913
475625
325
1120082
93956
5995970
852625
1915526
100616
855568
685516
431407
521234
751032
588729
1262045
760969
238244
140
1156704
342407
683647
928800
532014
318686
267237
137377
150556
554129
443590
535804
6306517
285
8446569
813831
432414
4325917
927533
3891266
1031412
816382
508094
1441487
1334237
974911
493462
400943
203743
420660
542937
725223
77502
140603
570368
897218
782072
726689
337482
268668
559945
228728
613045
3141826
210919
267115
625211
1278464
321855
400100
196882
1423038
156588
270
760270
1536088
345877
501668
125580
2684697
2067669
14341
448670
893492
1766650
233153
584239
1927158
329356
1355139
697879
405542
1120685
739801
1680192
1351570
584626
410712
1206737
211
507576
207391
535162
614681
1826048
432746
1730233
908526
159537
620859
743994
735000
736612
5804190
1039680
156763
927208
856309
1020475
786375
1132816
597343
877615
795835
637907
216528
460141
553542
567195
1044984
301443
245
953728
8308603
602038
541103
738043
587554
1384651
1023856
602784
639585
6119420
990090
1633214
870463
225396
164141
213581
457354
1261464
472733
2761251
2980459
758915
5013342
1999137
245908
228518
333787
563325
312892
536138
1317555
960439
4127005
705538
584764
502505
787271
557905
1531880
1270811
227
336942
562190
843251
678382
1072011
452204
649536
634869
752832
428499
879821
512470
291237
498451
279260
447886
177410
512916
993662
977460
6424553
843363
1089430
201233
1259475
2016839
668576
602640
346431
1805831
679476
3330494
1485230
167974
484311
239535
402117
645392
1403898
210
316614
647850
192891
7831322
1432062
505608
431497
1298775
129199
967471
253916
804317
346832
1149696
571496
801366
1777561
1072596
2636315
1471277
1011944
595698
1473048
1910974
818166
676448
491200
10945372
10740021
532683
1260425
17262848
681589
620852
356032
198599
157205
362182
3251505
845933
229525
1646142
341647
1184369
124
1180452
710924
880357
890673
329511
2536907
767045
2022992
1120966
704309
2809537
603676
4130480
1090529
2420849
443129
200
965523
639457
442075
737381
361689
1042597
371656
288101
816608
1220658
649203
954129
153413
720855
420876
425132
1916401
751442
4332207
6462471
574660
1003861
2291362
799682
1332690
1178039
1441285
230209
3050099
631870
867246
4713937
770673
267032
1457360
352448
723787
1522615
506079
328196
1243630
173437
750757
1031596
793799
668927
933809
1219330
864732
923849
756157
815726
2014739
481239
333773
1326648
1165876
244077
579944
537013
399784
2637946
592873
837252
8730011
448369
272117
1291363
440421
414590
3607229
366895
287132
1552572
516831
1045843
405195
731713
1108694
2487073
419655
1048353
1240871
1142773
1286532
289717
936670
557492
1188767
894184
1641913
1230639
671351
1713471
346591
358054
2107021
1941430
541356
1286573
408090
1106476
827391
318774
1701990
560898
8103089
543660
677974
924414
1316401
827367
1434386
26769667
357191
503053
5454509
5452985
423474
1070099
1505737
238366
1740394
1176960
739978
267732
1856648
671152
1101076
1393643
33615
1601376
380149
5309907
146493
655990
957845
947109
184153
221665
1018988
1181543
454189
1065080
3261515
538075
535463
575694
214
1710939
3434972
783741
638999
1265133
352220
443773
462078
1376050
436001
336181
12533305
374314
773970
1862530
310082
634635
311765
109885
408681
233399
1004748
930210
581551
815607
4177044
1204867
552419
1040413
372363
154853
494302
556316
2032911
1165384
691463
2182568
421901
265701
424871
1594962
487500
4993197
508674
1854372
489485
392038
1772073
698881
821350
1230993
1856519
2513875
680192
563329
351728
1872240
797787
784264
1295009
167
2073787
12774024
563261
3075975
1532860
712962
552584
347598
2124514
4697434
242
168132
690003
392158
374325
806582
1766124
5715520
1008048
2112065
553094
378001
1659562
525922
758996
392001
551511
1391282
2607634
364503
803248
654142
318797
1402058
862205
992776
583828
1687736
893260
627317
1265493
3383897
1225079
1464415
1199203
827182
1242849
1006843
2979426
5068415
194801
429879
1737346
441725
638250
1091343
496088
1317422
330627
507591
196193
278993
1593177
503023
600163
381916
180518
780220
1512180
763244
461820
901136
776984
777237
217131
427913
2508533
1878092
2468809
1055786
1532413
889550
1351341
442668
1530835
349204
1367174
1264006
1488685
378389
1035290
313211
1163914
680840
301093
1258689
1045393
1067914
566140
236233
1451898
998307
782112
1149957
363643
553184
1656877
416175
1080528
560678
1317391
3601
956662
584604
666337
629983
673144
1620732
2041100
379005
886250
450014
536689
562927
307460
1341860
481543
250136
1190842
1518874
756287
5796810
2253705
1246160
439200
1141646
1226657
1197134
645938
980653
1032444
1191307
353214
758878
598709
915408
1446940
461993
150424
483410
3238355
478732
460144
371572
783851
888942
1177760
307688
793315
1844036
2725467
1250562
981964
602480
1523334
619910
2254675
211602
1656287
388864
337499
2121066
1043987
660433
6049038
1325918
829152
579857
69801
477226
415262
3453123
4024386
1328612
822549
8251729
889816
1560249
1821095
518577
1745696
2805309
1142014
676575
1761786
591187
722688
3958684
737214
1097999
394493
989128
670376
930992
874694
290030
747675
1547834
1106259
691452
577484
917851
1303695
542612
619241
1598162
682174
591186
678924
1190090
414255
1931663
696235
3510497
3955081
1179330
746664
1706328
551260
1425747
3269102
398885
1403275
684242
9785498
873550
1391122
203518
170
1799467
5650643
2143557
479184
10807281
567644
1291186
586171
671048
2466113
1110717
414496
476496
1609407
2557173
1215002
830162
374227
530131
306020
2546128
1926209
260373
1761195
1010998
3308114
97339
1091510
389506
1155532
963975
2706785
345962
335342
410799
565081
2152239
656459
452199
1539155
979283
757826
11812750
775669
1042112
2906599
740136
1427480
1237083
1391207
3075620
1738302
536980
4408626
624610
1088961
1381690
2104822
448356
610587
671208
629455
3938094
805618
2206770
293210
844540
586206
2103034
1098856
566634
691160
1967841
1087496
577726
5629545
983956
1313071
642794
464984
755501
756604
453505
592638
392198
3550787
322422
710950
961867
1549270
1055630
1009486
208113
482657
1482252
1615072
1673069
760097
917881
873304
1132678
5460372
160173
251134
635232
914406
266563
966803
446936
1055157
1012778
385860
1052754
663921
1048756
1981580
950743
946061
1077002
2849831
1286046
830662
15304107
258591
1295329
1928657
583495
4183712
693676
2153490
6088527
4380925
1068590
327741
1024090
546885
602696
843958
327247
1183182
503829
1133103
875495
1356311
410198
276652
2447381
278931
1334530
2034832
2979292
366301
1160890
513424
2213085
2960080
432742
404438
249030
321498
1710300
448227
1151364
178
1222825
1085873
837833
778574
153
1270956
418784
831855
1021514
323302
998976
226280
666614
988978
1291367
1222416
491455
319
2130227
571750
187398
874864
1138443
733946
965526
279913
1871635
128173
526536
1013756
1512735
1684021
1280097
1071158
395262
1263344
1077150
1033843
1697826
1224598
610160
789385
349217
449530
1823024
616504
561761
282596
2432030
1262674
381864
742734
204960
1344252
1820935
1629637
222203
858218
607501
6812456
982022
4481240
581858
364379
1626311
2062599
296543
1389347
921276
1188444
1430693
1004425
408229
352659
786411
1155687
837823
2566807
1183744
1494509
235992
405279
585299
7663314
1439988
795115
963928
536065
1270148
830003
896523
723257
967932
3209962
3408461
1146666
2201511
1310205
378365
134975
2899950
167234
2594021
760179
1076954
551424
137
1677805
657786
1599757
453323
419239
438823
1544522
510073
2691063
1046388
1052057
1951801
2274819
1307796
1875877
674255
347054
140217
476563
1765579
498542
3772896
817417
1672797
1574612
2840617
138415
1266202
1069618
2362829
658507
546785
1058929
555774
1747739
605013
281417
1425900
965659
1250003
1003326
731586
236846
3425556
764617
678744
1982570
686611
1455937
343506
913458
951012
384500
1068716
145467
615463
853340
792104
981873
1497087
539642
404173
703010
194596
997906
461243
979729
2478200
1078163
1186018
1770489
1598397
600339
934797
780623
1207173
712539
1294835
669857
939271
162840
781886
676553
764214
545137
1330769
2691830
1249425
588851
264732
502940
531934
1320927
146385
850104
184
1399881
1130213
611262
1040987
7115354
1056724
1060993
1244594
984853
570281
646705
885504
600516
2032564
576745
1302951
1627276
210965
1967833
1591798
177221
131951
993531
1905957
946357
590146
276449
1462017
1503581
604646
1202161
3515201
1240267
505616
376410
761292
700527
340613
2680870
665511
248667
1760037
1419346
235244
638849
2330165
644622
366130
423262
238092
2163468
1822424
665741
2076487
400320
3559015
3971830
9801165
541215
260691
1712831
215523
1361861
11660567
566126
400796
470361
1074503
457934
413051
4396874
159550
1245581
930413
2029570
3733702
1334325
7763028
1472693
1054361
1222350
8027291
566883
209892
201364
576831
153853
1126455
647883
1823974
706156
340257
166943
4092453
1348613
757724
593566
1438379
1814757
649096
491720
1313014
1508006
715629
2780757
1708421
788897
132854
1483537
2419153
3003505
963995
296115
19003704
1493511
208904
2352040
941839
2421678
92845
1171623
2122205
1157092
764322
6419624
812725
4195082
921007
1339662
625301
500558
1627465
448227
1311427
1937135
434758
1259488
1358727
5598171
5404897
501858
1513495
696117
1226921
955674
1607547
488973
612422
2517154
628691
938639
7040277
166730
872817
2367186
768108
536199
843839
914208
2313954
709391
2920885
448728
1592140
1105066
753899
2413231
440742
16223129
399467
929580
1256273
980707
841245
2753128
2027190
1600677
4332504
530244
1842402
447013
841266
1349239
861153
451454
813684
316809
823094
1691895
486438
230545
1781436
752245
2193263
623912
1602212
1463363
1315310
1211842
5016668
2157879
499900
1030046
728820
1411400
1476776
2150887
1177038
1495486
1494547
687832
1496766
457461
16276413
600416
1202641
1579352
895768
807074
494794
1079616
1703525
342859
469408
703135
631478
798372
949091
1133797
621348
455200
791835
425786
1109865
1424104
182265
2231524
5191778
1067479
1801333
1147768
531554
608849
2632760
851450
3117674
1604734
1682535
613047
6394800
1482422
569211
938410
1708816
8611578
4886968
1145125
1131213
3897444
1612487
571006
2670699
434408
131856
2009292
447307
978174
690764
1141897
3063774
2930613
2845332
2029407
1169410
312285
1176300
6820055
411237
1565499
2270780
734580
2034156
651883
3302536
1851951
855052
1844165
1210997
1209279
3869119
1870789
1258672
1373867
304051
1058968
214
2017613
559834
1825820
1126576
1645493
3043487
3506574
123420
1184704
1444384
803585
1358326
1302726
711558
1345064
650399
2032051
870916
1368649
1132566
898433
469396
565939
5184010
445149
1420917
2641138
489834
2372773
2864717
1147415
1620094
1129736
968254
483110
669694
7617007
1674671
222352
9348060
816065
1721435
599210
915726
376554
725342
663080
1832170
1528317
330606
1676314
1320896
149494
1781350
691662
1338939
1805227
2859023
835580
768052
910629
262313
810590
745228
3767607
1814847
1454793
713168
203339
2705306
2648669
1616083
1598721
18117323
417162
962351
217264
7264
1351592
1826449
638638
2700344
980886
1461806
437765
2445900
4635028
507663
1603765
1989947
1004329
447311
1999552
1189753
763055
388326
408771
693013
1865519
225499
2073271
1331964
1272276
1469748
1570808
1378496
441845
1105418
3683996
1185198
175
447948
1138158
443489
1518944
744852
552125
510679
280549
1522737
837084
1965465
283061
680320
1528209
358726
4675755
1468624
881570
901126
659433
387012
381003
352401
860545
1897465
1865103
212509
219306
1947013
471744
644023
108755
2555973
369786
1493577
1128363
860469
1862262
707068
1038132
13976077
13807284
1060247
801867
1355367
37037134
5732057
689791
808665
963260
565123
1074436
1861488
10042132
15334810
11182576
2537328
1913429
500812
13003735
570818
718328
2525687
1522350
1477511
1011793
1900369
1323618
1366255
1670371
1291237
287634
1912300
1210130
247220
6117514
2504715
400503
599069
335237
9821931
751655
1409947
1427506
816475
1577893
519825
2784266
415914
1020377
642904
24452920
950774
559626
1323085
343201
916133
141623
1182757
1356390
755623
665711
1080468
618225
1502602
929553
19044663
1078379
1077280
178441
652166
1775818
1164807
596987
611090
1514871
857858
4326930
835523
1006945
802287
1920350
784682
381561
1612865
1292686
1148460
661246
900981
1112393
1115720
947893
946975
7954001
678814
372856
664446
1830196
800446
562206
499205
824633
658454
241256
3348041
1640168
442297
913174
953143
2177596
995668
1104975
967581
1296759
975859
965529
179221
2015284
360299
1802075
232862
1125992
1072988
523920
919524
164405
4680605
2645246
3700564
342596
594669
1538582
1421160
1421324
706377
306877
878057
573817
3488095
1014708
1292188
801936
4805207
637956
1154158
4400504
1720255
529166
1207385
830201
5829866
2068003
363609
11540629
371457
2381004
1096310
374519
3005048
1955580
2007951
2004713
3549721
694749
2191885
1422622
399294
262162
188280
910346
524139
949529
1774877
2697861
1899005
701396
615753
713458
415957
1974431
764749
1702284
1541183
568228
905934
3611531
1808229
1665757
3869183
1085669
1437267
2069730
2282432
768217
2499875
4316011
5035658
1892976
895339
1816129
1116116
1684848
573063
914030
1346682
1492592
994519
1523207
373204
1309682
3414480
2352187
857500
499297
1700766
1271232
1270918
12885
2386910
2621793
4083914
4384352
654334
660045
719350
2574255
410493
4434985
579797
1159752
2764887
1014023
1551211
1190775
518196
338314
2157653
1333840
914984
1477161
1031212
1592323
347
1160375
1022696
1511671
288271
357245
1195893
1577962
642427
1306079
1990126
803346
1197148
742691
334330
571842
2092599
696851
827911
1564545
499038
611162
1292717
1166968
1136079
1317141
1630046
1523426
443449
770227
1362154
1534200
4409658
969612
6913250
635633
1613368
2385592
1079159
640449
2092187
718510
2297542
1830944
976005
1551502
383259
4141118
515193
529694
1670003
1302958
1039928
6356078
1328355
2384809
1133004
112351
839283
46543
3346923
918665
822551
1575423
679508
1997611
1673245
1831887
2372403
2595555
930555
1293494
713902
4411978
1155805
1232704
1446257
915401
1234034
486872
2346172
1224374
951162
901065
2397067
1241075
604100
452984
1487379
794221
1375288
1952468
855525
786786
257
2969329
956513
767206
550607
2703989
336221
1384584
2910285
647512
753108
1025747
316835
214545
1155111
2998381
1049583
376821
659059
3137751
47388556
702826
2622482
976314
2851140
1322221
3459665
616522
283845
765439
1483332
768771
267969
985828
3179082
842299
2524842
2138280
8455923
1103434
301734
1110427
1513465
2051346
267
1121306
2754776
436125
1676131
460383
855594
1516630
698149
18488709
1414314
279531
278107
775058
1004524
1020115
1900394
2939282
9203137
336006
716698
764982
209223
2138109
756336
692471
769842
1740939
1341616
1648500
313329
1195420
638201
2319966
1176000
2021087
5897311
2636772
740546
220655
693648
1527556
745453
1140765
3693258
3211185
663610
409033
480507
886837
1673130
904891
814913
1195342
3146979
566833
602036
1031675
895902
1889955
229143
529750
734068
1340999
1150279
484359
568675
908391
1660134
3721110
480942
1191423
1530376
750367
528659
1745447
9196438
1769749
769591
2477037
181671
1444482
1388178
1252696
2141011
1404957
178436
442217
312207
29155451
808475
1899023
2576480
896216
1454950
601692
308587
1216371
820322
1710917
574979
1887226
1330109
708798
2098973
421672
1164116
850561
1293326
2284709
1969241
706084
1266786
461486
1370498
1471040
1747306
2388457
1095853
440044
3145706
1973583
3226614
1420981
1306607
1077231
2327287
631686
442581
1287591
1541200
2097184
191079
940960
1694218
1844360
1001235
549988
1248141
1157647
839444
1932881
602377
2270615
3102006
300386
653049
1110293
3557714
587051
1180087
1612757
1473501
3729170
503086
5622571
1943381
798106
822717
237102
1013140
2141468
919887
437734
1242456
1208452
3898712
1199829
1691056
7265227
886243
181
13461925
1362707
1777040
1159419
370804
636957
930538
470647
695799
98233
598859
347486
604261
746003
2375358
646518
527004
402808
1106175
1672867
952518
830439
690271
5036974
5689201
1945217
308916
2401435
621728
992445
4375939
1354484
2399887
1799502
1332574
321436
191
2266816
2663206
599464
200
1266514
1063707
4441511
745448
857412
1734662
1069186
832361
692992
5156482
1060765
1095409
6942293
510001
1024262
706250
1067994
1895174
1041767
1422576
2418431
1428416
1562963
995654
615216
442204
489864
8043462
2238046
1054933
1225382
26264056
3665862
1954128
2080515
2222438
1091969
1269357
661139
8216025
604276
6123102
1610484
215
548015
1485258
498362
1162254
1929232
298030
2695309
930623
1910226
570090
1436335
365116
504243
249983
1053915
638227
1988555
1033042
2578102
7143435
501042
3827586
460434
4518160
597273
547570
8873402
2068736
1746148
1328836
736164
1716119
761650
1416305
1151150
588401
1508747
1777471
1992605
1267011
1534273
1272018
170307
2049811
2194597
2349254
3068099
1156788
20937731
978751
926859
1269508
3591131
200225
857682
5323522
1055822
565330
766100
1396951
1817679
906452
1804212
596995
986556
954054
1832161
1486786
306937
744511
1423815
1891725
711042
2675130
1575333
540102
11007150
1345838
428789
7013315
1132106
1426476
566557
731959
1233164
1423257
3236314
974657
7009720
587795
244875
1500268
734459
5150497
2162446
1332001
10534036
1071776
643055
2005323
1007339
715478
873195
2871617
1752164
890186
1577529
1765693
1033835
538070
677238
807535
18357743
408987
1912729
420742
688125
643500
1215230
669168
1636784
1657211
627718
1324122
1436327
1131669
1772250
3179920
1250091
756272
1172465
2564801
1707528
852689
1552481
968280
1158034
6645734
6777474
1680615
2068891
780621
276859
318138
860204
1090743
1665645
1094441
1636869
347050
1298711
668853
555294
2434870
1449591
6872018
1051214
635078
6617832
406077
2301459
2127762
1193904
418330
932118
666029
574666
1941470
822462
1923128
548734
296920
1436926
676830
1614367
2841857
1148218
447905
765406
482169
21232308
480999
1292162
890493
3464923
2531142
824900
973413
418429
2014965
1409508
1876287
2005319
2909847
8490429
1075584
641628
1556920
1037703
19134845
1321206
935723
464591
1111124
1357543
2350498
690432
2612957
1581607
611049
1044716
1461510
2093652
1636145
856642
4122437
2191863
552046
2626025
1742176
1043234
812504
1472671
18529452
366336
4014101
933148
735877
1478083
2093130
3857115
976272
1389925
431749
518007
407805
708865
902412
843490
1415067
1201943
106157
1149433
3302506
756536
855552
8669407
1475235
1831070
2438533
847700
469842
2329559
2212727
1161872
1105578
816445
627087
1074225
400275
543422
1373689
1671111
2525609
8090083
2174349
2174914
2450908
2033639
808622
542149
829856
581693
152135
3398474
1822741
390953
628428
926947
527963
42621964
1303796
9374327
1124955
521394
1298365
2702958
505781
1479896
301882
1024088
1020567
1979845
369776
575708
520215
3002087
1376011
2576817
758664
673363
956907
3306907
4399244
956717
1303606
857546
1857426
1842328
415662
376583
498275
1225739
201
1064342
2059582
2138223
988465
1330701
450385
3373394
1166613
681139
123141
7245855
1312876
2261811
706909
766152
931406
13679917
395656
583133
469152
1466960
923413
427503
577116
3261125
1788133
634828
1068863
314675
1079233
2901680
2692176
1416586
2910078
293527
1085928
527944
1079112
18729793
655084
1133703
1695916
384122
1242897
2460284
3501995
2925220
1447567
1310931
999742
354742
687667
1923896
1716120
15076696
1047701
782408
2988141
919024
544490
3324512
1363353
267008
2473646
1956179
1803128
1168429
789718
2034006
834060
2080042
3766569
6474933
1585930
325410
540170
33654772
987515
1465012
890332
136326
1294534
1685426
1208048
1936415
3170172
1052453
3994431
3170238
472761
1399295
367094
1707211
1237319
7978206
24538895
1576235
840053
1851444
991067
2021568
2358873
516376
1358183
543617
2028827
2090182
19618358
7176459
6260804
3439267
435710
1148556
2226347
2221993
19933246
1733389
871320
1007876
2712368
586383
605416
495250
1042961
804855
1929421
1274834
1119509
2360651
2070928
4849913
1721597
5076541
161
741241
374525
1692103
1381651
3892399
2394202
1249588
283
864651
731915
1832079
760877
489186
1556405
1551087
790091
720144
381234
718288
1006209
470869
901505
1914941
2462130
4272066
1622077
2470512
1329847
1338544
1624565
3978219
1653069
3879344
1686242
521525
6629587
46756784
1021078
868446
1939457
2862561
1486362
47089290
205
969422
1543256
397571
1613611
990991
719608
3557725
2700047
1637484
1846548
1362032
1734049
643080
1659883
2238490
3147823
978582
942357
5965290
543545
3021854
1841699
4689155
2666237
4935667
5028383
2220501
1226619
425122
4145920
3512101
2101703
2321269
1536122
883422
542816
1286141
801927
3658111
1633390
4971187
3163994
1719166
2456984
537941
1046727
1701804
515003
1723878
1818640
798427
1293673
1964977
1647974
778746
710078
776829
1836573
1627277
1407360
1754024
619386
2092980
1222914
3168979
430080
1029711
1157032
2639877
586339
608396
652454
924758
988908
803934
1498962
923761
4183292
1336036
2243870
1151593
896273
1242877
9370017
2251107
1453303
227655
5430975
250794
2117288
2497009
2352998
1670122
4206938
2180775
2371166
3435960
1159754
564351
239206
241650
894202
3858980
582109
1395537
3496973
298969
667930
889501
2484618
3043405
228699
1145329
1597113
2429991
804281
396676
1926354
241
2528784
1518332
1197168
1064718
1293602
1726696
899287
9564634
411126
1280341
1588700
1744083
2381793
9787619
2008342
1365131
460905
3222552
2402321
752363
698159
6380312
924925
909899
8948800
2041913
1016238
32175730
1465876
1297185
1257620
3032215
591665
20960498
2012680
1574944
1489131
4156139
3396367
3331714
1222119
831429
1192238
1747598
1083248
3030394
1791049
730684
1742743
927716
651722
1766413
942614
1062139
370539
1292087
952574
713950
562286
1219185
715033
2367430
1490679
1243721
1608000
925429
465570
2115905
3297278
1722719
2429886
1820868
1282050
1287939
2081694
1706366
1958505
1722492
1095205
977691
1620367
1667749
2690063
3586308
3149420
15710084
2294389
2107718
1847871
1593716
819710
1348986
8259337
1186562
2448182
1079511
1833308
1697795
1126507
2540961
3080594
40143089
2885071
1741329
1199154
143
776933
309784
858584
1321030
513723
2262132
1178608
969305
1739739
783308
10997275
1230877
1681723
3277960
2251070
1121346
2704729
2932874
770455
1112881
658473
992788
1954478
500775
2170330
820645
19707187
1419454
1927579
212422
2130688
6587261
3681258
883744
816844
1677153
1509246
1594016
870232
3818362
467534
467989
1206003
364543
3754850
1277010
781072
2541495
439474
765826
4601259
319348
1190974
1601371
1803846
844261
563010
1178956
1964529
1063724
1169649
255765
1379479
1408785
987057
639747
3741970
2275454
988922
1165622
1327013
1994415
1394533
825065
852918
11241559
1475612
3065487
1043446
1174231
1263553
1082828
1251602
1490978
379045
1477300
1023662
17105152
2697877
1921473
288979
809748
1729623
2427131
1792599
3260230
999492
963415
210074
927999
846246
1815035
6333784
321196
865262
1448315
3760669
360688
898262
1853493
1486756
1595780
1816808
4386738
1295418
4369970
2726226
1623222
1950299
3334020
2082097
1325347
894083
3312461
2293718
1511796
829800
1579330
1204665
1853346
1641062
7711764
1322570
885249
1656596
1236696
996631
636309
685185
445406
845468
2075193
413541
3741835
362157
861107
452415
2159751
1047502
1916628
6167738
624741
1934300
1639103
1972221
2592025
16746794
2935414
1572484
1161311
623925
1653863
1256856
1181504
751468
986359
781184
983184
2362773
3266052
2481518
2362150
1394475
7664316
905767
4911640
2380232
2534499
1551461
472270
1676969
974484
1077059
1224277
838563
17234012
2085370
564355
3319799
5699718
399308
630803
1499136
2073260
10954134
1479729
594687
2084316
557057
507792
6742297
1000837
687268
2074940
878817
709711
2590482
1531513
2971345
535773
555588
755715
772538
698480
2405482
184825
4512773
2704940
468833
794476
2146966
738512
3925933
1122231
1623335
5866996
1553396
2407266
1327582
2461274
299621
987809
971091
1021199
1235207
318209
1926036
370671
15135703
8639844
1295183
21332353
846192
941429
569502
827926
799560
297660
493545
1543671
579709
10487152
1112576
2931217
4751175
1232187
952208
936617
2835492
1438493
272759
1359348
1086402
2100602
5039204
376241
1464564
3615774
3263451
4528391
2977691
2373391
554539
657443
399536
574410
1087790
1869646
935499
3326847
10125273
2690353
763563
1923530
203563
1874474
399109
846870
2576866
1101464
198520
17292909
1469981
894973
2172541
1332565
3593931
1406469
1636887
7293140
588691
7573384
180436
1328409
743465
1847043
587118
1020370
2448824
1651891
1758842
2045893
1604495
1670542
758908
1694783
1939382
538946
784542
1769588
1385373
1133332
942744
1573618
894386
877947
7097593
947413
1288675
1912486
1673797
913932
5524703
449502
1420856
1572725
1505893
2639711
16297961
761567
1391677
2356588
987477
1717241
4169430
885557
982174
17175059
184630
12276459
198573
3461214
2597112
24010223
1815674
2170240
1394751
1020308
739109
7169153
2452801
1800266
766525
1863430
12341198
600699
2180075
991719
409086
1330504
1410242
695722
1259233
1348099
1359675
1631813
1493408
3071816
1773900
1357399
1974972
3354850
2866380
2491367
4978107
2131215
2049181
4502807
199
2380911
2164806
830087
986966
3210931
22140888
930062
1671728
2817235
759239
1493201
1642639
517278
1096087
368835
1909714
13377661
2247599
422241
237930
11414351
419012
1461774
1448317
764074
3652195
908282
1354721
1355531
1783483
1869132
20612174
3758305
368287
245941
654783
837130
1778732
1757082
1338331
1507049
1537322
1492548
6343891
3482081
1972589
2763030
4539634
250962
15714677
1881092
1531663
6988450
479167
3049438
4898642
1682344
2340930
1129144
1862119
2170907
1522246
2535657
1766593
2241843
1179931
2980051
30238230
826384
1332431
2711854
1511946
1050379
595066
3145737
1246612
1096831
1528722
485967
3546683
1977771
2436923
1687663
1684982
575900
1727217
6683667
2694445
1768732
1665945
3238744
1104400
18153723
23790604
284715
1253696
1384524
1263947
2157440
2308203
1446980
3640477
17913512
1270857
316721
3324767
2903998
4212596
1690964
1410112
1380739
5792576
1572616
2491778
749164
1601158
20339646
1317101
4547751
1190451
2447237
825404
1482415
661812
725221
1136547
1365342
8366349
1604706
2292621
550158
843823
211655
1349237
1663976
5103208
871726
2674113
1592552
1746073
659456
1194937
1237500
642955
1012884
3318890
1325563
681719
1453173
4312143
1294326
2650672
1598838
1055926
4876658
3841591
385386
6492816
2488386
2533539
553319
2948244
4637609
8070243
788870
3226432
320252
1869206
2390262
15509010
2247312
17897305
1393266
999470
2062295
838811
1251179
1212546
1649327
2297688
3880515
791700
2488859
1014697
3497612
749434
2741033
702740
860687
1546524
947257
1456070
1945895
1193106
178599
479669
1341381
3547214
2115197
2873656
5047600
2638910
2006693
726591
2040906
829664
1166623
1730130
1877975
1315774
1523136
570547
2597529
2526624
538074
1813808
2744244
647990
639809
780064
1611926
1902121
1846467
2041002
1412250
827640
1243129
2604574
249
5168309
396307
1455512
951929
8884831
1083007
996830
1400373
3074954
3352092
635804
1940135
1651727
898307
2945617
359
1736901
1557140
1865790
1195617
371948
972200
2963181
972620
4690703
1187774
1953044
1304467
798423
1223217
1030936
1803585
1790283
1750629
468371
6488931
978853
4325628
1166653
2105730
1922547
3460232
1338234
938572
2297203
665838
1967474
1307067
3000562
1962558
1338144
1610703
1154873
1026368
968487
1502036
931916
968668
1120579
2268044
1766424
539133
1868593
5002578
1096188
1766467
913375
603363
913484
1019511
5980716
758307
1518245
7237106
2654800
1931448
1101548
5331849
2294632
19098120
2796945
858517
535098
2299819
1203329
3767214
2060868
829430
2176931
515694
7961127
819140
2436546
936375
1705498
386842
854377
330844
2636624
1156306
546883
21660610
2043436
4628091
29299113
494143
796109
5039890
984314
999934
3092153
859095
2868588
1462838
1980081
234587
2435762
810429
431361
1023856
1455937
377411
4236022
1957467
673450
3175939
3424645
916285
181216
2510259
2648949
455768
830870
643159
1348291
690688
2925658
2258087
26841140
716742
7975426
981202
1163202
2396895
1093952
1844231
2041701
941573
7585115
982755
440524
2516250
3394926
1199560
3553366
3149883
3898386
7914230
10601054
1203839
1837012
3321866
1705800
2647387
704335
1766835
3175100
1705647
1158266
1190123
1075996
2154558
668394
689295
6244740
918512
4532092
1378778
796878
866849
1854866
1745023
1296275
467479
5864120
3836138
37164385
3055330
1217133
3128947
1003309
615983
2014063
1231069
3124674
1670103
2234499
7558518
2999650
859114
1492948
1733865
685390
4543830
836619
1432399
561915
1336400
2749836
1305016
8566486
20734014
1344538
2920799
2163840
3485012
1023678
1572593
2119211
1895469
1525789
839230
1470871
32932627
1034640
2409426
1417750
4053010
930958
1409102
1981736
1915592
1451060
1350623
2240060
422090
1593548
554822
2954184
2543633
1764913
1220303
3555863
1122754
3021894
685159
774402
1296556
1082790
1946233
1594844
420163
9762197
1544236
1215797
7693361
1094646
1201442
596241
1166715
3699246
1508281
2628407
853081
2265470
1551477
19367477
1701420
2247144
1252710
1721275
1037017
515236
13184548
1094479
1734903
3350504
833937
1282504
3464863
2133518
1802252
3332297
1745400
879857
2142505
1964921
1041694
672206
2594347
5501062
1466136
2062071
782785
2217748
2822170
556191
698834
1232018
1207010
4795962
1105095
920957
2898585
1625406
1482047
1922162
3535893
3286888
1351613
2992799
510369
851412
1313361
5451314
2240867
590250
1431228
1085693
5069416
15133115
1359787
2988486
3024440
2561036
822577
1509746
466241
1391281
2622738
1783631
2884592
1124668
1611397
1211575
1052947
1923623
690490
1393497
2170723
1399380
1966634
3738139
1219843
5421235
2088389
907363
2194468
26325233
584451
763211
1030616
2645385
2439639
8396978
20252966
397502
739951
684761
1427867
2151707
607264
7790923
1552858
2201639
14722728
6198115
1225153
10069509
1317695
1519918
422335
709685
798134
683299
2085559
3090907
2749209
1365972
1848788
3258489
128098
2147651
127072
8708543
2802317
1681558
3367639
1334596
2437795
2943670
2382365
24473486
3661434
2282128
664172
17088171
1954147
1737007
758643
1260906
550363
2085776
1368402
1344141
1213712
1421854
938270
4721961
3016669
2412357
1022936
1543185
2266239
1314420
2299595
2890729
3267048
2429396
1124775
529019
1383971
1505017
2895263
1011059
1882595
203514
541938
1917708
1693651
2744038
2863354
2733235
3036130
1988872
2953547
1596263
517538
1977437
576177
2106419
5331834
225
3663040
1306762
1180043
14384218
630555
1884723
981534
636998
1882512
3229674
2868910
1306189
608768
2249242
8485636
1044001
1395806
1329513
1679995
1145665
6810189
10149604
1371011
580833
2276463
2358277
1482104
1412589
1198370
22807314
2956472
422647
1342622
1449103
1268600
61654
530625
3432897
1796598
3149307
734503
1900314
6929270
2024561
366307
2052314
977447
2100438
2153860
1534846
1582699
1244568
570655
1109927
982865
12785265
3128675
3850430
696680
2358086
1572644
1478714
814954
1637228
2003866
306300
1817831
1668071
816003
1856414
15249209
1283369
5342686
1299161
1043492
1289742
1372555
385053
1709135
600353
616617
1427088
1457444
5344661
4969929
1174722
1874920
2329469
1518072
751157
988430
1101507
1514175
1678117
508869
5488874
2913817
1385058
1468069
4848672
1527111
4502724
793727
545707
13074148
2118506
5223616
4432572
1676159
1952186
1335925
1176632
6309936
178975
711591
3056610
1967016
2519259
1432239
1237058
1609838
1688918
2857583
57818791
2931002
3571988
1196707
1373212
919086
3374340
564349
308812
3309234
946652
1173408
1056043
2456701
385225
350262
397518
1315211
1773578
2546119
589215
1733198
1160156
785348
3011036
2969206
2069640
4280132
1122975
4134910
2244286
2231599
535028
2339930
1767888
3381767
1357590
1570038
967911
5231756
584893
8918834
2549447
11578526
3345960
1042365
738157
1506252
1688695
2199330
513583
1557152
1673424
732197
2899227
3600573
1352227
1282470
1538129
1598319
976911
1979378
2379969
29264189
2168972
2552958
1475128
2828380
1008082
1082170
634348
4864733
1376187
1002236
6246098
1354634
1759565
1577295
1393428
2494726
1975842
796492
1395393
1644569
2173786
728353
2343657
4845609
1020592
5209889
476440
850506
471074
6529740
967586
1982190
1404683
1269283
2364385
4336055
554950
1196251
1057621
2166835
2750931
1840459
763898
395933
1089084
913810
1776502
789050
2103736
3283836
1852147
1059135
1165656
1713436
6191932
910113
34441265
5937420
861053
3399181
1625927
2883560
1803873
1260754
1262950
749225
2168151
3658173
1750598
2364655
3107215
449973
2913487
873664
2552611
404186
1531296
702446
2433503
7725402
1283203
2984284
1718110
720741
1141392
1272684
19620692
1163905
2268558
911126
632447
1275713
2309303
810416
2819179
1735532
1529214
3137907
50701171
2844812
1390968
5032896
1478545
1399258
4242386
1586230
1001436
1957193
906652
1572822
2791689
2428169
994549
1132556
874736
2522716
1701127
1404586
1710669
2996538
1724603
2863669
2922843
2141042
3024590
4458768
6910704
2664474
1137222
2187615
1349518
1575602
1996417
866083
948136
6838199
4206919
1591335
1756277
5021819
935874
5559450
1487393
2589344
2232371
1576095
1538005
5863696
2199521
1920901
755390
13767472
2041197
7768013
3851261
1099712
3172882
1116640
1510754
1946132
1679041
2286203
2715442
3876305
627304
2762192
644870
7475244
625836
55740610
968322
3318716
448807
2415107
1007771
2317217
1421340
4906543
1105591
2508869
1952218
1599513
4292203
1807829
2928485
2499348
1683316
2802807
1764639
1863384
2676379
1075450
24431160
4570975
1191446
1488665
1507710
3257595
2903182
985145
2272380
1248925
885858
2381384
1033801
2355920
1191070
2513884
914671
5430930
2002208
2461861
322987
2979402
1744182
1747415
798776
780789
1024762
13986914
1171465
4208691
1053646
887193
1079802
3748019
1212482
1679925
2221351
4412257
212
2778026
2360452
4425365
2949256
3651414
1313165
2852568
1541562
593130
1099132
2461206
1871970
956155
1773576
2424958
973420
431103
1262929
541584
529959
397458
765975
1797340
1076067
188399
2388689
1548511
1244241
1108690
23438498
659499
27036825
3772203
947302
1166885
1835609
6175226
1969072
457737
138968
1237957
2698298
1509677
1568220
3285104
582086
925575
2535356
1091771
833969
3338624
1860045
3023076
20896324
844613
4157166
1890084
2122920
2434074
2292628
3887506
1300525
2398751
1179667
1294765
3529818
601780
896049
982881
3505652
836884
1131484
3893803
2117576
697093
1741727
1771891
3819343
3178841
5329498
4378987
1277831
1923480
1833599
6880046
648045
3280599
7934796
1418882
1311372
797068
1090589
389820
1266858
1884019
2267520
1088314
12016627
2786020
3487424
1981739
3555202
863223
7532734
23119922
674008
3626140
2294953
2856379
221522
633741
578803
1740981
3570051
2992082
4712663
1451425
6274200
2470582
530459
842221
2342153
1527932
2778328
971827
6963139
4466440
1414997
2663393
2157567
2408604
2361057
755317
1820141
2010389
1767370
1176553
5146755
3290579
3049783
3251842
1906405
2410876
1749522
861472
2230745
4366659
626820
5314557
2134090
1105254
1116106
5131458
1671153
999074
1488504
769799
4864289
988480
653752
585874
1397786
1097376
1550349
1872639
569136
1230877
905217
1659873
1675752
3067500
1784625
2105482
8206814
1729376
948662
914858
9353036
1619470
2906567
5863732
865809
1504538
2531892
829005
692913
1482581
20076898
3023763
1474535
1657856
2793015
3672683
1240313
2543266
2036701
3772242
1303988
2174605
4384756
921889
597897
3688322
1333252
2447855
454399
739344
1665940
2061034
8958186
1788927
1878650
924103
1689696
4660889
3465797
3265020
2170149
2808185
2500529
756270
5011616
735284
21910664
2267378
5652750
16006089
3916803
1860635
22475635
781125
2995589
2060100
499488
2178821
1268768
3364819
2006411
3694042
1700163
1024110
2075424
187107
650194
2548995
4399999
835754
3884954
2031226
12455128
1982945
4541680
2153392
1650518
1953177
589269
1254564
1083707
1349707
1515320
2265916
657555
2118206
356477
1971305
1125021
374887
2172307
3279317
175755
1605276
1290714
2199697
1009652
1437498
540156
839264
2325010
3390306
2847234
953041
3305143
1680656
1316502
1130620
1813415
2916394
2215607
1294321
1741025
2196297
1214023
1234640
2512938
1538802
545040
528951
4936874
1483523
867675
2542447
1036825
3535498
1190916
2273264
1550508
2841009
2224459
2118191
1305211
2478794
993777
1825292
2181035
2652165
2037547
3379702
2083879
1157387
1204210
699841
1314573
2169717
1295641
1530031
1819719
938348
2046485
1768615
1033101
2127207
2100164
30607210
2843917
1962256
1675845
2086072
1850242
9348536
3841852
1161158
2000571
3501989
3034197
1021940
2074901
2927901
1998037
1655363
1078547
8247199
1695041
1198610
4095300
1534215
1544117
4091365
3512328
1781379
739379
5425135
1253336
7695355
732278
1631302
2166855
1490484
1032979
3201028
1131359
1569959
4494737
2578182
907668
602966
16613195
1516189
1590911
2937151
2125300
1209140
963581
1486368
3816328
1979929
826604
1260935
2307841
1397576
686059
1064024
2551080
4434135
2266553
17847354
3918794
3362992
919959
2787861
832054
2112622
3053834
1681990
5348004
2322472
665191
2259124
3624012
1887046
1741427
5492960
2078617
988587
2017937
1447303
1033174
596218
1585271
4546310
2291589
3099548
2656988
2246931
3208423
7214038
10828328
561940
1490533
7652946
1400567
1139054
1674234
2690474
1603725
9894190
740207
1023338
2481140
1273369
1195611
711016
3606024
2158092
461221
839763
992265
1648035
2012113
19438962
215413
3675509
1643831
29706901
1165512
2639936
3770442
1464898
2487000
1563614
930513
836903
653241
1489960
2007696
1361937
6706296
5131284
4800216
3055542
666271
2073919
964895
2312103
20919404
979858
4308824
1809558
3013653
1984352
5342207
2512638
1603568
835169
3316493
6987715
144605
2617706
5824971
1421844
19669637
1968732
2635121
1163341
4608093
3383483
3118300
1785221
1176705
2294557
2233558
2488139
2152096
6604754
1605949
982201
1482851
7162567
5405803
1228399
8592715
1619536
2484084
1164128
4432720
1337626
2035833
7701247
2718371
1631903
2388216
1305668
1901446
1186303
861999
2476514
1654543
2329322
1004651
2330982
1551455
1550852
19012532
842522
2578473
3269445
2161439
2455262
2210233
1108965
563995
2051030
960958
3319196
1339749
470629
2678270
612428
8465605
21883523
484996
2236153
15163356
4834319
786331
992403
3124686
792174
1704051
2350355
1620276
5626888
6948676
26081783
1857028
764028
8907463
866083
2773259
4721312
1571373
1322425
858461
1159142
878746
809705
3848051
4128841
2241941
1322808
1372205
2006483
11309390
7733354
1055580
2075851
1202561
1368491
1856555
1111728
2631483
3354308
464850
3661471
893134
5233814
1804780
4143617
3207667
5209423
1354479
24635335
610691
7356691
663833
3090904
2286685
1280399
3240512
3869877
1990973
1991023
919421
1620230
2628691
3646291
2598062
6873294
32620248
1435505
2722627
37781863
506353
3056364
15191934
3768677
780680
2819068
2135306
1040606
6076409
3798416
1485913
1415416
3006505
5834477
2531144
1575415
1785861
31462335
1097314
1797884
2090864
1037764
872904
2249097
601166
1453869
1995147
2342672
7339085
1961495
2860578
362100
919448
1278994
2811877
4995703
4262328
6009626
7485799
2176419
1906553
2222802
300586
16454878
828880
254052
1614517
2914110
2294359
1478723
1536151
2588132
1610753
2553478
1823791
216687
1780355
1866456
6917950
2035014
1337393
1027772
968066
2165832
2166272
4770428
4247525
968970
5724245
3963327
21370016
1942245
494738
1592115
4936829
21145910
995478
1265290
1551443
4568462
1124544
607813
2052646
811917
2138384
2068384
991582
1733120
2376982
1018434
1536410
1607079
9593364
2005031
1903554
2474048
1026860
1112823
8270502
1652216
1034405
2730612
2118924
