0
245
8841
502
15590
6417
22768
19744
17322
13401
16229
363
8037
9163
18034
52449
9354
8497
8694
16634
1327
11811
36613
285
236
35793
439
18958
402
7793
21200
656
23079
224
21464
14470
19977
28271
181
20898
250
25221
364
315
9982
10649
25018
8403
15055
28863
467
3097
4579
298
25988
306
66143
10949
1085
5187
284
13687
326
25267
302
17253
4810
2415
11962
6972
9305
20339
642
275
480
9447
17422
6522
9600
4184
12758
239
4238
15957
12151
22948
189
5563
6129
44880
80367
521
331
9658
8160
332
332
25961
18854
344
24412
28738
33943
232
12042
84635
8150
21121
27144
287
38426
29720
32410
44746
14151
9149
464
15058
31646
24854
23129
8036
11049
530825
157202
38397
12834
62163
20429
14735
343
7075
19393
306
11026
31115
280
26843
370
814
337
24559
233
39607
9216
37090
15647
57023
39167
15237
469
8647
5936
169280
43326
746
11404
16213
19414
51624
37881
303
33781
22117
58803
26165
19149
15616
18776
26894
24287
332
42142
9218
3058
17148
47146
11493
23187
20942
23705
16714
41979
11022
200459
22140
248
7840
301735
18214
15021
21205
10208
37440
61535
20064
9677
23843
14798
22454
45575
29437
273227
5289
22266
101360
11665
11049
32325
22061
6046
14867
24018
33800
12312
101401
10953
17906
79678
34119
464
49430
6728
17276
26837
125738
49967
45685
15857
21521
54683
38758
267
13407
25007
732
33770
12995
16174
31389
13332
38006
106
34462
17197
66269
40117
12697
20990
11142
65066
12373
41061
51564
40637
19849
11804
28387
250
21305
363
20449
12419
40044
30880
41028
83660
27650
46228
37084
287
33501
27290
30831
34986
36725
488713
26379
11420
19478
261934
32838
17117
7702
4611
24674
241484
16609
18204
68177
17285
32255
37920
8799
35370
20453
22661
658
95412
14491
155593
58695
795287
28238
230822
26287
41755
20430
19903
10552
126567
2252
26502
34114
45820
557
34525
316
8843
306
382280
33866
43703
10309
57432
948053
136325
32272
29308
39444
43503
229
21899
43906
64553
28237
55264
32723
95286
13668
22139
250211
42779
46237
17416
75772
271011
32241
265363
20530
50370
23835
9483
66524
45732
28076
32429
244830
66385
30498
31587
33602
116883
3666
16342
40361
224047
35372
67719
41729
256084
40965
2661
42007
323
297
20647
23769
64658
175277
47041
33655
286934
54247
40342
26223
9404
20931
12775
14044
17292
836793
62719
31882
20789
56829
42908
34440
18719
69906
487
48922
1123
16956
130650
43354
88189
40760
44506
1858904
49992
12745
70520
60137
20600
399351
47825
63404
61839
6651
45607
20884
21649
52216
61741
50447
32880
22342
36132
132039
21608
21066
152487
16295
66854
48987
65068
22818
85663
41659
39806
32081
246
21056
30160
52336
62965
53343
27474
16012
15033
182122
40069
171104
30859
52272
167600
45649
10959
96561
25489
26224
25535
344809
130734
45366
34806
751543
32290
57658
34733
622163
43660
37216
177630
24474
18952
13913
46253
65657
97356
115312
87455
22598
304
203161
158870
135218
54465
59017
12208
46345
84244
23769
160245
23384
30991
19557
362739
15116
45461
25515
23938
33365
66457
139480
101381
2656660
194024
73141
52213
90426
29378
31311
58794
96451
43473
269876
28872
36756
62649
100322
117292
133569
67934
727308
88772
20681
30777
64287
106821
83778
40758
601997
319512
76708
70558
61231
81577
64047
40315
188754
344653
23011
69542
119010
46866
400709
38555
14769
47768
92569
336775
85110
440985
54018
11597
190847
86877
26667
55635
53272
27887
113918
32573
34824
78874
75088
42227
313208
59280
30580
56965
134351
1615
661845
183680
70410
167083
34738
65453
80031
43465
91854
56325
73312
285600
104078
43445
36675
39678
100139
88720
122895
32765
362764
505
41296
64377
75737
339961
829876
19581
45926
135270
109827
25717
77138
64218
108588
65798
71741
102439
58149
30607
49807
219513
208735
56428
24181
31933
551
72659
82741
42100
121290
65315
83866
24611
111003
156790
29808
144482
51951
63566
24950
62769
58143
104421
81667
15434
30648
903833
151733
119800
57275
39575
62857
62487
57186
60624
269082
26106
75183
625899
551564
217241
51415
1724939
18176
32656
125720
459586
110579
190473
101867
22538
36566
41278
114834
709133
136704
897831
70215
308951
219400
64247
94678
31471
78769
248122
54284
163838
32590
29159
24461
103520
81851
835164
58235
126159
16155
71112
64317
142468
175302
106654
282448
54147
73405
59654
225994
23709
115261
79548
99804
258785
116009
168643
70896
73736
101389
108982
56458
28111
29342
3265
46258
29137
59232
580927
104590
25222
38190
859771
325024
91441
68068
304745
76333
38797
96990
33042
79070
20103
342139
683379
27897
77058
86925
74259
48479
41043
166144
27035
140464
34765
264108
81078
43112
73867
79173
98503
66345
110041
18798
586546
171742
88169
489006
99681
128777
291623
106362
60680
35149
198237
75736
213868
106861
177757
148929
83818
46620
75594
61434
78552
49087
256929
292023
142321
60189
29192
227808
112421
96665
70166
2002583
261835
86206
110821
24329
127230
142841
63667
205765
776115
135526
64379
85654
515119
457525
368536
135306
141228
54072
429550
141716
261265
182413
21115
88329
9533
83455
64329
83044
75534
89475
188489
123188
65970
93277
308507
92205
190384
78064
120894
76205
146654
86343
72129
324166
72483
261663
123380
41298
375538
112800
43124
152730
83937
62458
28521
47655
156793
49102
95421
293015
395652
229546
106993
57335
86753
103620
83464
96711
24288
138517
68507
76791
49838
60184
54055
217804
96163
619863
263696
40903
316112
396256
97337
215688
163003
146079
172454
108073
88702
123891
450293
209291
200170
158785
209409
166971
191575
608005
110205
61829
269304
277475
31518
230166
380784
142583
35284
56975
20090
29407
159798
71448
162678
3774370
81561
67619
93664
694899
69195
109096
74615
42526
117043
57723
140535
333940
202504
202575
98844
421088
25456
1012795
158729
629514
61362
57084
97397
47231
405032
180910
134970
286158
113018
137007
69585
86045
118612
293757
188674
433934
191852
192787
45601
2416508
417380
125317
209833
105247
65024
158294
126512
425804
46848
130289
85260
400760
114821
232840
105559
56489
84969
170338
40124
694638
45051
56650
112915
77216
840098
169943
350738
282549
186694
136633
645300
721517
59157
161832
100001
65140
297388
207855
181811
859635
182668
76225
181291
132785
196982
59285
94981
58264
223712
989682
47345
146275
424853
151975
131467
504201
78185
44317
