0
181
109
6954
17336
1924
3734
94
4953
20088
147
278
182
90
173
146
105
192
13970
118
203
113
148
303
111
119
109
406233
2499
153
114
32894
165
635
108
2610
187
214
95
151
9331
410278
28595
105
46254
4250
95
278
8261
157
141
161
94
143
148
148
83
115
174
6087
148
315215
307
158
171
96699
151
1263
121
135
132
7510
146
191
150
119
141
178
159
20824
166
128
143
99
160
130
91
20797
170
124
5482
122
115
107
161
187
158
119
15800
101
41603
657
134
146
24513
121
927
3226
204
131
161
76
134
23396
147
187
412987
152
127342
5306
17390
156
272
110
151
181
144
131
145
129
124
1812
146
201
130
21105
177
120
6457
122
1601
142
172
106
130
134
176
432
189
129
1274
128
206
4073
12298
122
6565
160
201
173
13133
118
193
157
8002
214
114
184
120
3011
10613
118
1020
181
264
147
20303
70598
124
122
108
974
109
4921
5855
124
107
161
1232
131
143
132
233
154
150
132
119
99
20695
110
122
150
221
132
172
45203
155
117
111
3874
99
144
296
6961
2341
2454
151
26970
157
138798
168
102434
15169
8950
141
11989
113
112
131
133
129
141
122
141
25886
184645
132
142
113
118
2146
170
136
114
171
281
7527
541
5923
55275
160
2306
190
120
131
130
1922
146
1181
1402
166
1332
356015
133
115
125
176
4938
118
151
123
109
129
144
209
153
120
117
180
144
10314
174
95
54569
16681
7896
151
103
31472
134
171
124
368400
136
146
155
121
129
101
161
134
107
120
130
127
108
158
137
185
168
130
352
7217
104
140
134
124
119
140
126
118
186
64609
126
124
108
104
183
113
113949
129
129
134
146
146
160
2777
112
153
169
54303
38812
151
1102
170
154
120714
34874
155
138
114
199
106
126
1611
27631
5954
1521
86611
14316
9448
131
140
187
190269
105
15394
26797
146
127
190
124
151
121
140
175
169
9458
33559
1941
129
105
126
681
28495
117
112
1603
198
143
144
140
164
130
49333
2533
133
125
93714
159
534
6058
113
129
10814
1181
13666
186
130
1190
125
110
118
135
268329
22096
2266
113
115
58412
401
138
110
151
147
187
197
37087
39522
89021
112699
2833
161
130
141
228
120
19138
153
135
118
125
174
113
129
144
144
234
961
114
118
167
220
130
132
3684
138
105906
6367
1973
132
1504
138
165
110
140
8546
191
5488
129
129
151
125
152
117
119
244
83344
118
202
114
148
142
174
167
121
137
120
343
144
96
134
129
167
1468
123
165
21663
116
891
410103
179
14516
130
154
101
5784
49211
34789
163
161
158
143
235
128
107
164
170
180
109
103
153
139
135
131
456
149
169
117
121
242
179
142
155
157
179
166
1760
55916
22707
158
144
22794
136
144
153
56804
110
112
10049
3809
207
66971
181
167
412680
104
198
143
133
452
4247
119
26243
17776
168
107
137
135
190
157
20634
200
6311
150
79
133
171
166
120
127975
148
137
140
20325
1209
59299
7090
150
108
141
144
7744
474
147
105
558
27452
184
126
135
236
81602
17676
910
193
1258
154
386
114
126
28095
12408
113
230
152
140
143
128
1681
135
27971
3410
129
6195
111
36395
112
1896
23844
2207
1495
142
173
145
332
214
109
135
121
108
112
237
33087
156
120
650
986
126
34512
127
196
194
115
156
125
195
228
126
856
109
134
121
155
55984
153
187
122
154
16582
7586
4483
380
1382
135
111
157
142
145
159
130
94
149
174
171
104
301
11073
192
177
114
118
138
128
1045
26743
108
149
153
1044
701
2227
149
143
105
152
35503
182
21609
110
124
101
7683
5255
174
194
183
158
24551
198
139
3174
186
137
118
163
141
141
871
993
1274
141
141
133
11066
166
125
17845
22338
143
171
116
160
179
116
165
9336
108
15979
141
175
174
124
3505
128
168
2422
123
204
110
1447
294
1955
119
28812
454
298
137
304
154
219
2625
265
120
105
156
3633
5916
335434
766212
3278
111
153
240
133
2524
12166
271
131
107
125
169
1440
176
121
95
121
148
4703
202
2788
160
11779
279
134
99
26564
119
144
184
937509
28062
121
235
179
213
132
274
767
16622
484
1903
373
117
174
131
120
160
224
227
168
131
143
12452
9007
18868
660
135
2569
545
8764
256
156
177
151
164
158
16217
151
143
134
1663
55759
195
1063
109
140
257
98
115
1121
123
151
173
3569
170
402
473
970
144
125
11160
201
137
188
122618
142
30896
678428
62888
114
110
132
120
7658
160
40768
2212
171
76910
129
148
104
192
7658
114
180
112
250
132
145
118
9128
54502
164
106
142
98
127
149
112
172
139
181
156
63352
136
155
11894
31934
148
145
12948
159
123
171
28349
1150
127
190
177
159
111
1840
126
123
217
149
187
152
182
138
27350
157
117
133
148
131
207
1945
203
156
126
15655
139269
16031
103
19422
127
145
242
4737
4919
103
183
108
143
102
126
144
3997
3173
111
146
681
5696
130
159
259
3146
189
149
227
9865
143
162
136
130
209
154
126
5940
167
158445
133
150
10078
151
124
132
113
556979
152
144
197
97
156
133
168
5387
135
110
315
12357
81508
152
161
120
123
159
547
109
182
475
122
161
121
156
415
193
209
186
198
101
3476
158
123
1515
1605
1070
139
83843
156
121
130
128
171
176
110
128
7582
16930
116
147
129
53671
3499
140
5289
106
24397
164
227
177
560
191
305808
115
178
46062
366002
174
12257
129
189
232
1049
2902
201
13361
136
126
485
27529
1540
157
658
377
156
133
130
186
132
135
163
4966
153
139
174
453
110
4073
68200
136
134
177
57158
1183
135
2039
164
135
171
113
20161
101
129
1903
196
104
9759
147
2745
38290
164
142
112
27340
141
144
173
129
156
300
53208
140
159
7468
124
164
224
120
4318
210
157
123
18350
139
344
564
145
17430
185
6946
99
140
1996
5802
178
238
2815
116
539
484
153
275
115
236
126
204
186
916
225
1978
2503
126
209
4227
1366
112
1880
126
35572
7349
144
124
62833
91
197
136
142
106
24284
210
179
136
105
163
8038
97
19106
508
10203
235
3192
134
169
224
6892
128
182
124
134
101
160
2982
8790
107
130
116
183
161
3953
19426
652
155
4041
70813
5074
1183
160
130
103
135
13036
152
134
175
6513
149
184
892
139
2944
10042
4079
132
31861
109677
7612
285
143
228
125
9515
152
7389
489
122
781
6922
4434
279
389
11204
181
179
336
149940
148
106
188
127487
2097
1953
140
179
189
119
153
638
169
1881
222
107
146
102
14175
111
360
120
131
108
106
189
166
1195
980
163
168
131
202
21147
662
29892
142
129
135
123
253
37166
30117
3296
15291
114
165
147
122
164
109
202
11029
245
129
87798
176
139
125
155
5182
115
168
16847
19317
243
211
139
198
191
104
200
750
160
158
742
19516
137
178
189
33012
167
172
216
177
355
138
138
174
2993
2647
5531
232
14361
183
92
132
1656
6025
8285
124
12273
140
155
115
940
1519
1405
131
138
104
194
115
1888
254
87
2859
102
129
4282
1409
3105
281
146
212
871
48441
113
1368
129
5374
423
127
28815
136
146
108
175
559654
36337
154
142
138
3255
470
22121
90
183
667306
137
186
100
63777
141
166
107
183
314
217
138
966
168
25862
163
109
354
170
176
17983
81579
116
146
189
260
212
145
133
142
114
156500
16548
146
157
186
150
24106
152
129
49152
132
192
248
136
115
133
195
210
806
2097
182975
2081
121
4846
148
154
1638
145
2592
199
155
218
165
4119
210
135
8578
780
53069
28015
5961
180
2182
125
132
161
150
88301
156
31404
190
154
204
23723
163
112
305
167
197
17540
160
146
9846
135
18674
167
186
14462
193
276677
146
63357
85462
157
1543
157
166
241656
1129
5611
202
158
148
87714
132
360285
196
156
476
824
144
111211
145
357
111
116
6396
158
171
109
160
28224
146
114
222
72701
7536
119
3938
23472
123
134
145
153
171
212
209
2057
42326
166
210
15890
4289
27450
130
150
111
150
10216
161
155
153
186
763
185
180
5178
157
138
141
2300
73359
179
46543
175
164
169
129
134
123
123
141
144
153
120
139
174
33144
146
37055
151
2508
183
6362
122
104
133
6550
133
154273
143
98
176
166
162
170
178
26531
143
34506
131
131
129
216
160
104
6374
148
131
106
185
149
325
4318
7239
300144
259
121
124
2982
199
155
100
178
93
108
218
29569
149
153
6252
196
172
151
1090
139
594
208
263
972
5065
114
361244
138
91026
142
5354
100238
167
424
137
162
177
174
206
195
134
160
3754
6876
129
10515
695
206
218
155
139
166
160
175
118
169
181
190
163
63627
3152
168
2800
364
124
109
103
153
891
4969
14955
10736
148
147
4367
216
505543
306
125
157
2003
129
221
157
136
189
324
25028
110
612
134
126
28982
207
146
2001
179
218
182
3987
164
2715
104
132
132
123
149
158
132
10774
173
8795
186
65454
19263
165
425
23824
103
243
2408
1088
168
126
3033
110
205
150
124
139
19648
134
109
127
3698
3813
169
157
158
158
44070
145
84303
180
428
15842
144
125
15306
4885
152
135
16176
2196
625
137
1352
97
37732
152
238
1606
2732
980
156
332
34350
143
475
146
43559
117
127
2494
53113
101764
149
170
10032
14198
1330
1993
8199
118
496
10624
117
150
167
2770
155
142
196
9931
185
117
151
153
566
130
123
155
140
121
159
145
137
170
13725
105
823
6598
177
435
184
160
1961
67470
17665
121
43787
350
256
336454
130
567
137
44082
915
139
1289
152
131
130
4462
172
157
141
133
113
241
148
20316
3732
28875
148
167
170
194
193
57684
680
123
165
264
2134
137
122
102
119070
2139
1240
624
1477
159
138
2311
149
146
115
418
101
7201
134
150
24277
108
2380
155
1329
153
139
5546
138
5732
612
483
159
220
6731
120
147
13577
212
224
222
2920
123
1195
484
144
19829
182
137
572
146
5605
126
96
119
188
3896
117
5811
163
7016
163
1890
120
274
138
145
408
106
160
66427
156
134
139
23757
251
163
61024
113
136
105
4681
153
133
139
150
2228
124
1720
158
101
174
123
25113
6071
12011
169
4755
125
169
152
98
122
523
158
25416
176
151
121
973
132
187
127
167
197
1779
118
2899
106
5733
153
181
147
140
18337
120
107
156
151
134
37243
51738
334
33232
161
174
94400
116
34174
14660
87
3535
37657
13956
149
148
46286
157
101237
62387
151
131
1282
1993
147
55987
205
551
1730
122
118
167
156
66606
961
121
406
154
187
13904
138
145
27262
2213
191
1421
125
1109
12017
8487
179
1231
135
138
102
130
152
164
242
153
383773
176
150
1433
140
189
1500
2075
313
190
176
179
143
33592
163
132
20082
135
116
123
149
127
13646
5399
1454
1601
123
1268
178
2281
7874
402474
118
15663
1060
149
136
129
659
208
29465
123
64326
7526
208
45144
21480
116
3019
131
196
950
356837
158
389
116
192
655
164
210
962
210
2142
109
296
157
143
161
5123
2025
169
135
117
13476
140
151
176
150
191
122
189
144
31883
2165
126
552
60421
131
128
2570
127
108
1914
973
987
142
148
128
134
150
124
126
4324
28720
151
127
1339
195
832
194
87245
35967
49608
106
148
167
3731
12400
134
181
17986
138
156
45385
153
276
810
116822
605
136
1303
139
19546
4011
630490
15694
214
173
188
162
144
117
135
163
129
194
33000
44803
145
129
124
111
137
142
128
93
304
199
133
110
1376
122
164
5501
154
136
4091
292532
1744
217
224
127
7025
136
188
480492
7385
151
1052
20691
7179
194
140
242416
339
336
25294
223
199
174
139
146
139
12973
162
13764
310
344
149
198
113
170
195
190
30108
787
16202
919
128
115
119
1331
166
5483
300
168
191
6389
171
168
185
66758
2617
108
117
122
17692
210
149
1607
5954
1766
31378
150
2371
63340
151
190
630
127
763
111
154
146
783
140
1689
3602
137
157
173
187
919
216
8795
125
8606
26840
170
200
163
253
135
195
736
1467
48609
305
143
91672
1256
213
120
138
136
128
174
6949
110
121
196298
1844
126
104
202
28398
117
1431
128
114
138
850
180
52046
132
3515
12950
167
182
127
822
7184
153
155
100
143
175
1207
210
40482
127
183
2591
873
112
140
5678
143
143
1527
144
187
25732
119
154
194
190
210
145
611
88995
20786
198
144
129
173
129
149
190
172
127
162
47352
142
174
162
1379
143
447
147
182
242
446478
1098
886
181
167
188
124075
72700
172
800
193
8626
2413
136
142
286
164
3933
150
134
155
33615
178
317
292
7211
45350
136
737
4340
182
126
215
629
46777
1014
1047
6144
164
16070
903
29109
24300
143
169
149
154
2870
160
219
159
2465
162
174
160
150
784
126
115
169
119
26209
133
29833
2084
24343
35294
130
525
154
3566
84094
120
146
150
1920
123
34911
185
152
115
16537
175
158
291
216
1400
2673
536
6265
1917
102
2620
1137
142
224
98
178
152
20764
772
132
154
122
131
131
135
6382
47451
136
153
190
15585
121
135
150
395
111
4758
36162
1719
172
471
49671
171
75867
110
164
267
198
150
76418
113
570
113
150
121
1297
1010
6051
236
174
170
70180
383
10837
500
238
156
214
183
111
175
17828
180
1303
120
138
141
1616
165
125
214
159
115
2581
598
160
54961
1134
463
243
99
134
47703
206
270
539
173
152
116
148
108
137
107
132
23825
12150
23523
881
2561
161
177
115
128348
13777
150
178
14277
168
1470
1033
169
174
925
173
883
169
126
1393
582
177
1044
152
30919
167
7110
678
165
152
136
14541
211
130
165
139639
207
624427
111
153
30724
162
1699
148
6460
129
79975
1780
110
155
134
154
160
184
112
164
126
145
757
144
9278
153
931
171
193
167
1422
24291
135
101408
153
115
11926
134
671
8590
250
2355
110
1177
3575
283
439
14358
55808
132
502
148
933
183
116
130
149
19807
1553
36633
9463
149
138
364
94
177
189
162
524
239
136
3657
4053
24362
3874
192
1474
1407
6264
133
3561
140
135
217
158
233
21961
7215
510994
142
15938
120
162
147189
182
288
137
114
7088
263
121
176
222
9438
131
161
3372
4848
493604
269
1874
29345
156
561
135
145
279176
182
8213
133
1377
132
490
924
1186
153
202
155
140
52991
102
192
170
648
198
63033
9829
507
162
166
321
164
137
221
134
172
169
4181
121
2416
112
140
160
14923
174
152
159
4299
192
2810
132
112
180
22190
9747
2347
1463
58770
22984
149
175
532
43327
133
4041
128
310
254
100
183
8919
2288
3435
141
69941
19261
132
306
161
52285
114
172
168
40169
11832
30651
42411
3801
178
167
134
136
50588
113
133
180
177
131
6521
134
839
141
5710
121
228
2856
134
138
125
205
255
164
3436
882
151
278426
111
1485
130
10696
870
157
161
373
3889
5556
120
111
21310
16652
270
100101
7666
117
127
184
162
24797
201
3303
112
160
10248
151
174
1150
166
6150
142
205
112
756
488
111
329
184
206
332
181
136
509
1991
128
1242
196
210
201
847
1182
263
113
336608
5550
3014
144
1137
2100
2822
157
165
170
1220
1677
58038
30927
1860
20844
195
312
443
14478
177
230893
102189
139
119
1932
105
261
35669
175
1362
154
366
1175
1394
1784
159
7515
166
1216
3423
107
218
126
1667
136
164
111800
32360
116
202
260
8384
114
1833
150
1653
49036
176
28803
149
187
541
214
142
754
61401
151
120
251
1248
167
189
115
1061
205
104
128
181
157
152
1349
132
162
116
581
380
149
264
129
48731
46399
170
673
113
122
1160
257
190
4872
119
155
174
40400
143
156
209
765
4501
1912
349
192
207
3402
19478
103060
214
108
223
1041
6463
200
11752
204
9185
139
48448
247
136
151
190
119
19179
187
146
175
48470
124
158
218
131
1377
181
19337
2949
158
2634
149
23697
3097
128
82706
566
128
184
184
23518
53460
20255
144
175
90
293
53218
162
2787
130
2919
208002
1279
155
60179
145
608
44493
131
165
45281
2045
9305
88377
207
115
161
29016
188
229
131
179
27914
125
144
126
3067
156
4479
131
1046
147
135
212
17329
8161
162
313
1759
899
136
130
688
5977
6139
6197
108
260
219
1888
1136
37123
176
512
115426
121
227
194
115925
1334
275
172
171
22711
157
13040
185
56530
297
859
159
2445
136
120
155
143
4682
6883
61718
185
741
158
17364
78605
683
4242
654
170
16048
213
733
270
127
123
346
181
79031
178
160
5896
24476
186
297
62076
258
138
1316
818
261
157
165
202
13634
62596
59586
4641
196
9806
7159
20782
204
47034
141
131
174
2720
3843
138
200
1060
115
628
140
26100
286
1049
522
597
582
27666
605
201
4639
123
731
313
135
166
53876
17161
3339
2380
772
180
51589
1536
124
5733
2255
441
9949
135165
43694
150
161
156
49553
2344
31098
1935
147
142
126
97
229
191
138
1023
1586
1545
130
134
2246
291
130
154
601
3133
5718
749
142
5588
148
10037
3648
148
15998
146
121
147
154
353
28343
136
204
122
880
20387
194
68877
124
615712
1087
695
137
174
106
279471
187
2597
151
23628
253
163
939
142
136
21801
195
32367
924673
19739
167
40086
7343
21143
829
189
128
165
7029
553
107
198
862
168
152
49846
153
167
4276
143
29243
288
2472
102365
79893
172
848
826
1422
188
160
142
157
521
155
175
155
14831
1131
28136
140
20213
317
168
110
387
172
5281
1896
151
133
1776
16411
157
108
2334
103
6692
199
1287
30568
542
130
1604
160
437
113662
146
873
173
5238
423
138
17688
153
4057
168
141
2322
181
33350
688
931
308
87
2464
211
9355
203
2897
1026
4149
159
2777
96
37413
60167
435
167
549
141
24081
155
27912
1116
154
186
967
147
138
842
13418
663
216
241
141
5358
1432
143
5918
106
173
173
444
8846
2202
29482
1493
240
490
141
6038
36452
3917
123
17106
4540
929
21625
110
186
1534
2280
196
85521
221
495
6345
165
1457
4290
631
23352
36625
135
1329
113
272
34589
31599
192
1184141
47432
162
217
223
2324
157
477
140
3577
152
1103
170
830
7574
188
214
3539
247
225
2348
281
159
152
158
138
326
164
2901
155
513
158
169
326
145504
149
1023
1986
145
217
611
174
175
153
137
983
1054
1902
1153
108
1436
30945
39180
580
163
272
139
199
83404
202
36584
105555
106
157
127
1347
131
5918
1855
131
2386
176
5436
551
178
131
39885
191
1051
215
484
4483
148
129
3708
194
237
15183
27494
456
130
179
18601
181
7387
21146
132
231
12048
125
150
559
133
821
714
297
147
18991
556883
158
2563
219
758591
4843
2108
186
229
574
656
1882
3473
338
142
136
1413
123
5872
171
103
157
3832
40890
141
5288
151
2145
180
121
610744
881
6855
34361
138
2700
189
43014
181
94694
10319
54167
180
150
15051
2028
167
3860
339
443637
194
139
2679
166
441
1103
150
175
181
125
128
192
399
204
398
167
39994
343620
1232
517
136418
233
218
866
153
329
160
120
3286
143
139
315
1895
1319
11423
6761
199
1279
1308
588
174
125
124
686
1233
170
449237
921
6311
168
169
5825
130
240
144
87273
1364
669
191
404
225
76318
5984
5368
886
575
166
35255
181
145
423
215
234
1080
226
279
175
222
583
141
141
206
130
196
40321
102917
144
6479
11111
150
172
397
39064
189
157
164
666
839
68995
145
131
306
193
134
388993
16073
118
1162
173
132
897980
1200
13717
177
73566
4946
39062
1692
132
2169
52186
156
202
146
1413
141
193
332
184
7755
29329
1110
121
1391
173
144
183
128
123
588704
155
106627
3954
177
193
957
746
151
338
2505
36131
163
2206
146
3301
121
721
31482
113
159
15965
114
13859
139
272
46301
159
4497
4196
315
149
21316
159
27989
149
129
148
236
12317
2379
764
125
640
8648
167
195
255
150
162
338
188
462380
509
2466
501980
154
87
10784
158
141
140
178
3394
169
38322
152618
165
190
205
1827
171
263
188
63211
193
15675
300
166
151
18040
155
144
71569
146
467
41450
1120
152
135
161
156
206
142
129
165
25434
804
195
174
952
152
656
173
990
132
127
161
42902
147
171
105
155
183
159
417
49488
97530
85
13608
1147
2955
153
17723
186
133
149
14216
227
163
33011
163
872
124
5822
30507
65103
164
1661
2045
383
723
170
457
135
117555
545
549
16336
37985
520938
161
121
134
148635
10904
3077
191
341
92289
2371
162
466
144
199
3037
179
1684
726
2192
8714
4165
14278
133
12965
172
159
204
129
1220
3039
179
138
140
165
165
2389
650
18635
18233
134
148
2897
96
191
319
57582
18157
304
135
180
221
322
946
194
2258
602296
137
1924
1350
179
181
138
151
220
160
166
12838
99121
17066
143
14300
90
148
494
128
7672
131
6462
120
5050
2438
137
101
173
1028
173
138
121
919
150
361
172
4062
136
164
284
180
586
199
81510
169
437
12407
41351
133
65093
872
13354
1198
133
155
159
146
1365
189
30217
178
17721
47817
277202
535600
148
28869
152
239
162
285
146
507
1656
24041
127
9616
4457
128
1436
116
354
29435
62785
4478
28573
161
139
1256
9052
4552
115
356
171
102
159
181
623
157
1890
30337
1340
665
128
2794
556
135
172
409
212
181
1165
271
36935
3165
220
1806
12475
200
498
179
5577
121
293
77043
2882
2119
173
176
38233
14338
20169
1056
134
22965
160
165
186
18716
59546
132
206
145
78829
6940
63590
191
142
347
18384
93792
151
10764
7233
179
161937
3487
151
990
169
170
24794
147
160
261
215
478
1768
162
201
161
406
1542
141
158
281
63084
134
231
19970
149
265
336735
288844
6752
127
326979
159
4384
51757
631
394
576
140
147
2250
46223
415
5269
201
1148
4467
149
168
1170
27619
140
1741
18210
13190
155
206
3070
147
8978
113206
31827
183
140
4889
131
153
136
840
148
25147
181
164
161
1241
120
215
9229
151
131
638
805
111
380
261
147
23326
255
299
44836
194
265
2072
167
126
130
7662
170
13476
155
149
203
629
9963
1847
34954
183
515
227
205
154
10928
505
124
10106
289
1585
283
740
207
125
243
200
1201
70137
1558
302286
130
203
347
257
144
110597
127
120
165
1220
3717
14433
206
445651
38906
15070
723
649
529
176
154
510
156
480
161
5710
132
166
445
10922
24698
310
173
754
129
175
33601
148
3136
1316
161
4011
7459
1583
146
19944
154
305
173
57374
156
144
39846
158
34497
562
174
158
1561
128
588
17205
163
169
34189
199
140
135
140
5914
140
192
145
156
55163
169
220
120
162
331
177
206
10754
149
176
287
118
438
460
96293
11209
168
115
22789
1694
165
136
199
2535
212
198
158
183
193
131
728
206
1408
32165
465
16451
149
455
356
210
19765
1315
2768
596
159
173
97
162
158
13115
235
132
1962
159005
171
1625
12749
111
3225
385
8667
268
262
229043
680
13701
1440
61417
926
1012
127
167
4419
209
135
1498
184
231
171
8260
674
7317
157
13015
145
3013
43108
132
697
634
35252
311
11283
143
2895
135
875
11417
2468
191
128
146
190
196
146
139
160
1161
203
20364
26498
151
1393
328
371
174
166
170
154
204
173
52557
144
133
15444
195
3715
6038
152
131
405
82312
141
190
76099
166
161
114
215
59307
136
670
15192
2202
230
18715
217
144
281
143
1196
469
1220
6232
193
193
3008
459068
959
381
1241
49884
219
32185
159
18865
826
136
29515
146
22988
322
137
838
771
152
147
812
21630
15379
2004
168
180
945
1211
142389
198
22977
1167
2630
123
53332
9780
167
1214
329
2051
319
155070
1513
423
138
187
169
164
166
45604
119
15328
2061
235
155
984
166
159
20184
25579
156
145
183
46700
11846
248
176
177
127967
186
9331
159
10945
2073
188
2889
181
31283
199
165
71728
164
36370
297
122
1591
235
139
135
1097
2008
222
178
176
2090
184
2254
1053
138
32215
1149
183
2368
641
226
124
6028
171
158
151
2675
146
162
231
153
148
68939
221
149
225
768
1600
213
15720
168
1327
175
228
210
152
214
185
920
380059
19756
1613
1227
516
145
148209
161
150
184
214
5128
220
316
7246
330
24914
158
3945
627743
359
179
975
704
7508
203
693
162
1420
8109
191
155
132
164
109346
131
14550
160
8403
811
131
163
3216
379
61624
8223
202
2137
158
47527
122
231
344
204
973
866
176
4326
2759
210
14166
173
142
23327
325
138
2598
208
181
9402
199
841
173
191
5457
196
172
6805
213
146
537
329
1481
141
173
36593
199
164
118
139
132
2384
195
2128
141
126
186
211
506
2535
110
145
202
136
11024
10141
6502
145
767
135
302183
558288
28829
139
190
203
479
145
429
29370
180
1008
18830
1195
415
141
1076
187
136
165
21088
58655
680
141
260249
1990
12652
1732
2079
70620
205
10918
177
20134
1560
2339
219
140
30011
176
900
179
1640
223
219
89272
38570
208
173
27123
187
234
157
148
26446
150
10713
4725
22306
7878
163
274
376
182
9411
12245
180
160
181
198
31943
18533
4427
128
123
90167
192
149
4998
1992
189
156
117
160
840
155
152
128
151
1135
5356
17749
20472
174
2190
405685
1950
4086
118
41084
189
65878
40137
33856
152
1723
6246
164
239
34438
321
414852
147
35122
66228
172
24492
134
1012
398
184
182
1096
681284
2268
2342
1256
2059
1161
3518
582
20744
157
421
648
11735
185
661
34996
172
116
8960
131
93141
727
187
154
149
35332
1073
2085
920
14438
2231
130
240
54634
1951
255
443
137
283
1042
181
86973
2244
196
12901
207
418
771
788
28829
184
1269
426
157
83215
355
2439
174
776783
1177
15395
172
143
192
120
112
137
210
617
1342
147
148
129
528
2263
190
797
266
923
436
389
849
59353
156
173177
130
200
175
153
137
76969
333
16243
23090
179
982
120803
468
266
227
1368
105
614
25182
147
131
20659
141
23240
160
655146
195
7855
135
141
124
220
32429
59672
328
387
19496
322
558
218
178
154
409
3429
199
7108
164
87354
8273
22152
283
143
171
5127
176
233192
2254
1267
115
312
204
673
204
149
19666
341
167
310
85127
25903
190
215
157
11337
114
650
22651
154
848
71944
139933
426
2347
31399
147
114252
134
637
8046
963
21404
164
655729
569
823
26591
161
4833
198
186
138
145
418
12088
11867
2883
156
293
858
1128
182
4571
213
1408
173
163
171
137
164
863
5367
235
596
220094
123
176
221
164
9324
17703
53954
1513
3153
1317
1217
25126
3041
141
865
20452
109
14133
566
143
20384
9173
11913
28093
142
766
678
658
420923
152
141
154
34258
16034
253
449
465
19459
176
2725
255
1003
47070
67491
7596
182
1470
23726
47436
19044
25610
10826
141
6346
165
830
223
3367
635
190
362
29076
433
249
169
187
224
11485
159
78933
156
64387
6830
1792
330
63472
1339
3802
108
151
844
287
1720
163
237
715
5915
202
160
358
171
125
145
121
19608
212
290
193
10575
1566
6778
131
144
196
156
202
233
1076
2091
13328
380
1111
1699
3970
585492
185
163
151
369
97053
6579
121
157
7561
3002
10332
1140
2128
237
440
16099
20648
22516
157
644
155
803
145
836
137
1605
126
249
10755
187
35563
156
7412
36892
191
13938
1229
1101
537
16102
127
496
230
243
219
382
178
220
26852
132
1314
3499
192
159
763
1322
184
160
38490
40344
226
3347
536
40588
526
124387
144
1212
52456
154
5724
158
8120
167
13133
213255
10422
169
1101
818
16699
238
10922
220
448
170
158
174
146
2112
10180
333
272
1204
159
14793
231
181
2032
178
133
160
13341
304
173
177
122
17297
329
205
79400
77696
110
87723
11887
706
201
6808
25052
2194
264
193
133
131
2763
134
2870
236
153
184
137
108531
2694
63326
748
162
173
12375
417
779
58536
155
144
28489
28082
8308
193
192
261
46393
159
10943
150
652
1039
12732
171
765
652
162
175
158
313
117753
1532
271
1464
707
5594
3489
194
142
132148
146
57442
51775
16585
36435
207
319
1008
150
9787
1518
168
298050
141
133
129
281419
193
289
27176
513
1478
1280
14992
157
275
211
536
35045
299
19834
149
160
215
172
211
127
17721
239
1206
8445
4420
6658
25310
347
4133
156
184
11514
684
606
30595
13663
355206
194
132
7514
183
134
3612
4262
284
1229
253
19142
163
905
313
159
194
165
192
171
948
157
144191
145
2769
372
97654
2473
412
400
207
159
30469
1162
660
328
178
192417
1034
112
146655
37688
5314
352
376
160
607
1092
5993
19045
170
7312
149
2836
22110
136
136284
1159
145
7432
192
144
172
174
2818
178065
2100
520217
15105
19344
2944
188
2075
341
135
822
183
96807
208
999
147
9548
2141
137
149
155
121
243
250
150
188
172
1446
44410
844
3392
146
983
215
161
20411
147
160
200
211
3046
221
4301
251
172
164
88728
188
23742
54311
109
187
1055
142
122
157
197
223
4739
20685
13487
41158
274
157
11103
1872
152
2254
194
194
47829
2625
99333
5919
438
216
1677
147
196
159
395
310
204
2077
747
1098
160
8424
158
615
235851
170
5094
392
173
56886
166
570447
860064
841
273
3711
25561
164
690
1371
83019
4548
7692
183
1120
200
177
11151
134
177
539830
4288
670
152
98
116968
2852
919
73962
163
1763
643
210
200
127
189
12870
7880
196
165
15869
2220
4265
833
166
195
55232
954
135
252
156
28078
848
144
227
676
4884
324860
134
183
113
56858
29440
5488
90939
174
181
143
137
179
38349
6101
511
182
173
145
597
1797
228
22091
143
187
153
188
141
707098
22514
154
703
1198
169
263321
64116
137
47673
14464
132
339
176
181
58458
567
178
339
19764
108233
842
263
205
154
180
1005783
716
121894
822
202
187
183
193
945
201
613
193
1103
4504
417
1107
4085
140
153
160
187
83168
235
188
173
169
174
2202
184
209
314
42847
152
3528
1466
8721
681
12968
17443
175
188
796
267
1381
3175
6437
218
273100
199
175
351
148
2702
148
1319
170
223
30235
167
158
171
233
11758
38117
165
3322
735
6558
196
254
3801
147
180
578
151
2085
139
190
157
211
189
624
1154
123428
216827
10274
597
439
139
1403
79703
1578
57473
378
198
199
3531
238
182
1698
179
5154
27051
583
751740
224
142
188
173
36444
155
142
207
1113
1730
174
169
7069
9948
4799
184
137
158
26808
336
147
526
9597
492
112443
1189
166
887
165
2087
6574
181
526
548
190
201
126697
5620
173
41004
23744
889
21072
5431
2204
123
155
197
1304
387
188
8891
149
176
134
1313
180
57592
111915
212
582
44929
670
1459
2269
178
49113
757
7239
281
186
3840
212
3895
228
137
28676
22006
177
242
113
8233
53999
11447
176
153
141
752
732
227
380
145
208
247
2173
183
2736
66922
181
163
237
5057
222
412
742
177
203
72598
18402
197
38921
7056
168
1983
25845
156
194
287
293
145
120
888
186
4987
598
13372
8296
14255
1183
626
131
1283
215
815
231
3750
154
3007
2264
398
205
114
126
144
113
701
1001
183
288
260
3485
287
2090
163
142
1551
1410727
232
63543
195
153
10874
145
279
125
173
127
10465
3030
641
35837
149
185
188
143
5437
413
469
161
126
226
34161
6536
770
868
151
676
204
177
1609
506278
1081
17444
466
147
17843
1259
165
1232
43430
1593
280
729
70444
2424
9047
138
142
1178
128
204
191
2284
204
157
226
158
35905
596387
525
389
1949
15031
883
251
11995
258512
208
190
18612
666128
2271
4210
20014
496
160
819
15499
326
2814
15705
174
9819
133
142
3344
112954
212
220
4307
3780
193
35346
184
202
240
292
205
4309
144
2284
1716
251
155
13537
174
17076
181
175
234187
7715
1125
1421
150
1976
545
1318
424
184
23363
85267
2345
40840
31876
399537
129
9548
205
243
176
266
2109
135
254
305735
355
1070
1309
1503
39140
20158
7852
728
294
215
192
1918
801
211
2449
29366
247
176
3542
175
227
298
168
183
162
2900
195
756
196
230
187
924
148
813
58115
106
950
193
2105
225
150
464
13763
202
180
153
16559
163
6673
173
13876
129
3697
381
732
72508
332
239
1046
173
549
431
734903
153
750
188
77917
185
203
24274
549
173
149
2675
559
1540
36006
1860
9191
308
196
7473
204
1092
70358
885
205
215
372
203
169312
1567
1839
426
198
175
641634
179
61101
943
2938
42385
9243
197
395
112
12860
165
97244
195
155
2086
225
6784
164
137
182
3628
187
62669
153
304
277
762
196
2741
954
1831
170931
160
198
19209
940
188
3507
1760
3082
99127
295
171
3008
227
248
508519
7383
3557
186
492557
144
327
643
196
182
91196
188
1291
966188
193
8701
157
674
401
81446
13274
2078
528
329
879811
3592
24909
655
208
3501
210
659
1250
5920
139
190
14510
853
1277
351
83598
527
189
229
214
290
27544
92950
239
290
231
145
215
180
55044
165
223
164
29691
8458
374
203
117347
424
23367
1417
2199
4298
36419
265
2588
23736
1397
99249
3644
160
915
191
970
1146
1424
146
218
540
317887
587
726
282
234
75119
147
156
8939
604
74920
7126
2083
151
222
5768
176
849
833
82500
2233
11985
7833
1347
102863
160
202
171
45869
39481
173
252506
252
1332
683
69069
2545
1878
146
889
7469
166
189
301
369
55534
747
924
347
232
33711
242
4362
4045
581
238
1863
173
10862
2818
7498
19677
130
689
350
186
3467
178
320
429
11430
621
152
482
1851
258
276
214
1227
568
141
176
139
5767
956
674
33332
518
2024
141
414029
151
26138
152
15048
734
2640
790
287
1814
14033
8514
206
1693
165
913
6888
212
320
161
562
151
64542
200
1952
61258
87564
105601
595
1432
191
166
6401
739
36316
47732
129
25636
5926
8575
160
203
157
131
43924
22226
335
2279
214
156
218
189
13894
6930
47576
3300
295
6292
1114
11722
5185
208
41241
430591
180
166
734
166
215
8144
171
178
204
851
904
7005
534
248
193
192
58276
484
191
23163
1245
13604
1700
194
763
170
244
969
178
192
5384
1008788
253
246
293
16373
1025
848
65833
139
189
5547
137
38779
146
691
148
212
1525
620
12773
44126
8753
60772
161
14007
385876
2695
1605
1782
152
186
8651
188
124067
5755
1876
648
203
846
9583
171
1980
309
197
168
186
154
1294
30235
217
143
406
137
153
132
1472
158
5066
25948
379
1553
153
506474
181
20429
211
15582
240
87747
143
29883
5650
176
13040
16693
156
924
3195
4859
7996
1215
150
438
43878
982
182
269
143
251
4850
2293
14020
129
134
4477
135
687
904
203
20362
13306
95724
1042
197
216
195
660
214
342447
178
67814
1023
2447
952
195
11153
1344
2117
14803
12674
203
231
1498
235
12301
740
2728
2782
4939
973
1276
1409
6815
220
95112
157
194
9546
249
132
628
464
1473
163
50809
189
171
1216
731
412
9404
654
157
175
7711
361
2454
135
40332
1180287
53650
2346
27925
606
1417
10022
5668
14377
137
62077
163
629
173
127
170
221
3559
611
698
3000
833
2003
14803
594
37349
1597
175
3303
633
8885
350
198
172
9618
544
195
188
35151
451
139
1498
3140
845
1604
181
172
185
218
1009
314
525
727
12612
189
440578
249
3261
115
139
7401
2642
2817
27070
874
186
14234
709
197
212
208
168
197
191
2824
1454
187
1246
8111
770
3663
129
142
139
11009
186
158
172
1116
1107
10158
743
23007
144
132
618
3389
178
737
541632
184
152
10881
524126
27637
309
247
142
48356
1592
189
129
2284
256
13708
1276
852
204
2200
366
172
186
164
27726
172
2970
1280
212
2447
138
188
369
7969
2571
274
249
2389
92540
386
1727
1145
1022
237
159
211
230
145
21081
41113
288
148
245
6714
394
190
359
1575
2580
1345
1625
561
2815
172
172
262
8625
164834
719616
181
193
204
1598
223
9315
24503
29158
2616
2190
145
163
2581
97989
24084
1139
486
1255
368
278
2543
23863
2188
380
232
32432
63981
134
180
218
146
150
11812
46286
432
889
155
161
130
209
1371
166
183
829443
176
5556
201
7569
178
3067
491
230
31052
2658
304
170
8051
139
8165
12756
139
178
57042
153
7628
153
146
216
624
187
171
3549
9927
186
146
66983
46678
946
21526
143
51823
173
138
25703
4139
166
23929
172945
849
133
2030
235
208
234
220
3185
179
9395
130
951
4079
711
155
234
89883
2007
25268
124
49738
111665
402
2696
795
99176
299
97160
1299
171
5566
35366
332
160
161
188
58881
175
197
40192
201
1549
186
505
148
146
203
359
1541
55160
1709
18212
11473
61360
244
338
90811
129
615
210
2350
177
137
188
184
316
42950
828
258
182
132
682
178
685
888
1678
182
249
211
196
730
1435
1792
222
195
202
506
189
2397
1326
4141
46118
417
306
100
5070
1466
2278
201
131
3039
1264
240
659
19583
142
21890
193
170
23513
134
273
173
3919
214
30339
153
15960
536
659
145
3446
180
290
355
1234
211
4674
1003029
2663
5965
149
1487
142
2602
199
2177
3843
14625
103237
13790
5519
729
178
135
218
31746
8208
149
447
124
3862
18870
6361
185
1744
598
27533
2220
193
7722
723
1485
182
2060
274
386
39496
610411
165
272
380
194
169
971
1369
221
1297
5849
2317
187
133
167
57505
2679
18185
187
18422
208
295
1148
2135
4091
193
225
140
225
51681
333
198
1096
6891
323957
143
165
213
33127
182
43649
33549
170
7888
39327
194
368
2676
56943
4244
2802
758
152
155
750
222
163
11673
49118
47230
12615
1045
737
6950
1188
218
191
35665
42512
223
15653
28334
173
134
171
170
166
19665
4559
154
136
489
184
15764
149
701
2264
166
10980
161
193
1864
152
16177
259
112507
35939
12298
140541
264
42219
267
145
7470
140
172
175
7223
587
3911
1884
605
637
1458
118
336
4580
363784
7479
186
3080
326
164
139
192
1432
181
200
943
8624
2121
214
5565
548
1291
302
169
835
21047
182
250
330
2954
272
151
209
86649
232
188
500
1663
2885
608564
160
199
5622
323
135
167
2629
226
151
14433
154
224
10603
1912
1097
617
220
21734
495
582
126
330
41672
1232
1743
179
166
1718
143
3361
184
191
394
395
15960
182
167
83471
175
141
1712
1575
119
393
161
8484
185
247
18763
396
4044
167
6607
119181
222
30827
3683
17265
47866
9729
9676
26780
158
235
401
867
306
1724
194
5995
176
167
3084
18811
287
20059
346
171
158
161
204
961
4555
638
1362
240
176
128
149
282
3909
43531
315
3360
203
854
68738
64959
4513
1504
169
3430
64276
273
211
204
1683
23162
837025
168
142
184
236
11303
31306
31245
189
1381
6724
134
4171
3444
146
1585
976
165
3811
373
920
215
701
40976
13420
200
27368
258
17016
1058
210
189
259
1797
8605
19369
15935
353
998
232
509426
148
269
148
236
211
1706
4585
6486
268
279
601
58658
187
6841
190
178
4019
159
753
165
157
34041
147
175
12549
1469
3751
213
71153
2069
181
244
401
147
254
140
182658
1613
717
381392
34497
210
830
213
12863
1361
63599
7820
378808
160
185
698
36798
1966
528
3549
300
1364
208
213
334
133154
791
2018
252
177
189
987
6920
942
3027
13587
211
202
4537
196
1344
4634
256
339
70779
241
344153
36156
176
1198
378
172
204
154
16715
156
1489
307
26458
163
3270
178
434
208
3585
699
211
737
2595
35216
1098
2373
246
1352
16998
714
319
72506
3500
164
1245
1022
24499
205
332
3314
3586
350
149
11336
183
171
132
2853
13422
161
180
139535
21387
131
2405
514
661
1159
88565
223
195
226
159
1152
168
164
167
507
1752
82034
5470
27291
176
244
360525
249
3979
278
104
739
420
146
173
1357
154
251
1176
4418
4608
1668
73928
2847
24925
189
47660
370
188
9269
2320
499
14641
215
568
1372
2780
167
57425
195
1257
25253
2504
297
223
188
65771
358350
147
316
679
193
94383
339
5097
1317
322
214
522
226
37243
203
160
239
472
23078
76737
24177
2431
16673
16143
634
25948
185
309
215
147
227
619
5400
252582
1834
142
189
1643
160
172
822
1098463
747
1425
169
194
960
1030
10466
1631
188
94910
330
283
253
7317
24067
41145
203
477
265
334
1402
4215
2892
174
5648
195
39740
222
74231
153
193
483
323
115
153
171
2729
182
191
151
2300
185
1613
192
885597
14245
1858
45775
10760
145
169
11087
78263
768
749
302
788
9057
3374
161
163
4822
3677
182
177
1155
47268
1891
24963
8347
65080
184
49788
140
18932
245
385
81519
7535
758
4020
94029
135
3152
229
43173
161
160
616
244
192
7465
504
235
205
163
411
978
318
97908
47109
2409
7093
1877
226
176
885
331
875
884
290620
1985
171
1300
33786
217
664
371
220
16868
205
193
1195
201
391854
489
1937
2936
4055
10615
9696
188
201
253
2180
1619
149
294
180
2864
840
2686
25815
378
157
18536
113
8634
142
202
9047
218
831
410
146
1661
189
11462
363
59931
622
1081
856
184
199
8603
40493
930
7835
197
170
2080
310
182
145
2899
3840
289
242
388
230
5024
245
227
425166
1025
220
20864
156
66519
1099
333
349658
86223
3462
25809
166
1663
265
98982
211
39979
3311
3474
31998
2465
1648
907
2344
1050
3853
7779
177
6085
13170
6808
331
199
5721
934
75968
10513
798
444
83642
356
161
1540
734
377
552
227
280
1973
1963
130403
1781
148
499
166
206
374
1269
292
1540
209
32908
3538
147
17399
149
37266
62468
7275
1931
4132
96072
212
16538
181
1322
162
3034
994
184
326
1051
21142
888
15317
271
185
160
73673
809
2557
33743
237
4130
441
92216
1151
717
2558
6476
165
152
595
19104
223
159
3270
43846
435
306
261
45894
26396
368342
326
214
220
202
646
181
163
159
494
175
5540
361
17791
13826
780
13255
3275
248
769
1766
84755
7397
165
191
29248
4549
234
493
585
304870
184
209
1687
342
19431
679477
223
744
126
361
183
213
2879
1428
3114
361
47618
142
4187
138
215
436
159
3208
151
1053
5663
131
163
1131
174
258
204
407
771
229
2163
233
2569
160
483
395
13714
4628
14828
198
484
292
724850
185
8596
643
1413
341
633
259
277
189
14120
57210
1260
945
203
147
105995
146
2031
22251
8236
212
910
5472
193
534
682884
4792
213
1359
136
177
43651
7326
615
3794
187
303291
1479
2757
174
2311
507
18896
663
697
2188
9627
3428
831
5165
215
195
178
2029
175
43582
997
17171
186
667605
324
198
147
192
429
178
11964
1062
50527
2477
2098
152
158
155
16294
203
2161
31284
200
1327
5020
218
9830
22275
1726
411
42310
227
243
2115
1137
2872
175
187
1165
8480
271
149
203
6704
2822
152
231
953
199
148
1141
5392
155
3010
30957
587
26725
876
29549
18264
249
244
3205
993
179
80836
6783
2033
930
31233
324
36320
1167
513686
1764
146
303
323
1025
1084
1361
177
4175
690
17658
152
126
478
1035
4196
304
212
91378
1554
444499
340
678
1058
133
7651
1258
1123
29851
423
185
666
2160
316
53405
165
762
1103
262
408
1366
220
172
285
17657
328
563435
111
2702
1243
3671
241
160
41903
421
2569
584
29763
170
15550
238
3490
490
213
199
7218
799
5662
61461
4744
359
19356
130
107094
311
121202
545
18771
753
177
53936
232
393
485
50525
432609
158
138
3167
7255
1026
1796
196
1229
14038
7089
22483
374
1580
859
123
20906
1268
1263
160
245
76001
4823
30177
13822
182
320
2928
3472
1518
1349
178
8844
225
575
6007
223
1174
932
254
565
1232
153
686
2120
47588
843
434
6122
1040
23838
187
176
193
23659
2480
215
364
10065
6823
3050
25373
1298
229
154
180
24227
164
12222
1769
40680
287
8029
5566
384
28078
1190
224
1750
111224
47943
197
46538
218
32170
764
18267
1056
1355
45113
3010
840
466
386
173
194
2359
958
2338
17772
24090
431
239
15380
8163
1767
146
137
554
47316
49618
699
7429
1018
76447
197
413241
166
308
16055
14968
202
222
5211
333
677
656
3381
180
1959
837
26028
851
57226
59965
6777
160
929
148
21576
1631
5858
178
59493
536327
14837
741
324
4207
6858
222
182
184
1644
365
129457
10866
9217
325
615
151
283
4375
964
1036
340
43391
27453
38073
143
729
106
6531
12746
306816
148
127
48312
4036
989
194
254
43629
180
183
163
1423
180
632
131
240
509
12134
489
773
177
203
185
12348
942
1246
260
154
21697
177
284
34345
75110
22005
10266
2186
230
55677
9167
430
1091
175
147
7330
166
923
1750
202
572
397
61989
874985
221
200
30191
6288
67525
2200
169
194
47246
2071
1341
586
186
24781
5461
4731
1150
21815
240
2026
541863
666
1859
16305
12602
59920
324
96108
6750
424
206
2079
449342
219
191
252
788
55462
225
135
31875
153
1814
2143
12313
15200
2455
1288
54538
14687
52756
251
227
1360
178
11503
3585
224
164
1054
204544
177
2401
94
29031
5223
365
7881
2319
210
680047
6837
317
157
264
2431
1037
834
43939
547
145
2894
202
362
2291
2448
4223
4448
1084
1518
26095
4205
184
16283
534
342
200
19430
31193
2122
7293
430
1014
2348
187
281601
1110
3773
864
201
185
33872
227
231
429
172
266
303
153
648
229
1344
31215
1189
6802
473
36289
253
1265
4196
13802
21825
8251
30974
4000
1610
9675
3217
153
184
199
3654
3400
862
172
184
197
78426
223
3354
30591
29849
182
190
489
15710
7035
153
2116
192
453
437
178
3710
191
57521
313
1420
218
2024
344
1957
7268
47447
982
7142
418
1029
1010
1481
1947
15577
191
4309
748
360
261
395
205
1016
36960
1123
774
238
877
203
96845
686481
1209
33271
98119
843
400
1053
964
3717
633
920
226
3037
1186
3429
554
40652
189
7090
979
178
6638
1292
6522
5616
245
61462
904
3952
948
703
9097
42052
8339
37698
156
322
17302
1824
151
12182
260
116530
755
209
74750
186
148
211
1309
24602
191
6631
178
363
6813
500
10684
477
185
3470
342
26344
167
152
10162
173
215
5993
188
723
175
5071
59838
285
54845
196
20525
196
80303
35923
19795
2727
3141
63710
158
2180
31703
3716
241
1141
284
6616
26949
42761
625
359
561
170
207
50219
42823
755
46332
148
7226
8219
52219
68546
157
284
158240
243
185
2710
7562
362441
342
375
2575
168
710
186
202
1377
199
237
23245
48355
83111
272
127
30056
8910
220
1809
246
27517
1635
2059
281
164
98797
151
1854
33149
362
2231
356
1184
155
774
1250
201
327
5023
9209
211
278
872
6035
15897
172
1239
210
8214
1508
37545
196
1515
161
171
27748
76477
134
1455
78548
172113
908
9507
175
4201
3804
7121
73920
1875
97012
16018
68083
1304
169
242
13580
34418
2874
163
194
552487
93541
734
386465
404
14321
648
41414
267
12012
3803
408
247
500
286
188
24540
196
164
27748
28733
610
178
73313
181
2148
13871
39517
36100
1857
2805
39577
232
9664
904
24444
1317
892
145
696
178
490
2773
191
18873
162
208
188
374
2246
1772
149324
2813
744
2979
6603
40661
545
4607
152141
1287
181
852
179
2814
66897
20738
12986
197
3997
42734
1398
370
162
89833
2826
169
1094
3393
53658
438
239
2709
897
50949
590
19601
920
168
2316
6449
34869
13625
1229
21742
2034
1160
284
3955
105932
192
5113
166
4950
363
204779
1071
175
23969
20076
938
3003
3762
549
349
3099
19633
53528
11919
238
2498
5574
637831
6016
1774
9506
665
20058
32399
161
202
177
214
205
209
544490
196
2657
769
1530
2085
12222
246
167
543195
308
566
3139
268
458
2403
190
2606
3130
212
2596
87575
1083
4008
1161
3908
1455
3000
187
35742
212
175
26711
672
707
223772
5340
12849
19812
1482
849
32356
1372
65568
2671
248
3591
192
191
8037
8940
927
1197
1507
257
172
7191
31326
41377
297
151810
16829
6322
161
34879
36666
2269
164
6952
225
1808
2813
151
1530
1017
11385
4864
219
97684
192
1285
7153
151
905018
41934
211
209
308
5733
364
351
231
221
285
928
1342
2898
1956
175
51780
10774
549
210
257
981
192
53767
208
15174
26665
500
195
498
192
356161
12620
3691
873
78173
31976
190
3179
672
10574
267
184
1840
338
198
154
158
227
6936
11715
265
1168
615
4873
345
158
164
194
201
241
1166
47367
149
998
1393
6337
802
953
625
22993
217
235529
6504
1708
157
3688
192
262
1942
809
169
914
756
196
334
2871
3504
682
461
2006
9340
194
20202
167
199
254
211
18003
195
199
162
232
373
61846
173
391
1132
48326
2235
2499
14055
254
3203
11184
6941
297
241
23207
199
7510
241
58413
161
186
79503
5436
865
1209
168
4669
181
56654
209
44194
30405
383
1131
518
7342
65623
338
18206
89349
39379
126
58327
10657
554
3766
124543
14523
441110
1000
720
1246
231
65378
36338
1144
212
16375
176
5262
225
222
183
181
199
732
226
902
1414
105168
38921
183
218
233
584
842
162
385
15400
175
187
336
376235
162
256
238
980
1180
23226
898
3253
184
1062
223
20931
1553
173
664
947
2911
1826
3827
152
177
274
231
1281
5067
875
1779
163
312
236
51142
151
299
219
4508
3282
280
6960
9397
6748
239
1715
975
252
198
60020
136
206
236
11602
1008
32895
20059
2761
175
156
14496
217
10341
244
317
238
187
781029
424
30552
4266
21086
1890
200
336
8252
94761
1102
1546
264
210
175
858
241
461
90442
238
175
524
214
177
184
2584
181
19729
1478
49740
19032
296
164
200
439
35347
16923
165
616434
229
225
2594
74785
2117
1240
228
328617
9683
4830
1961
178
17000
549
2747
892
153
164
203
908
51973
5265
2022
26313
53731
803
704
616
372458
2225
221
285
1029
390
9898
43668
782
46380
2372
333
154
206
2585
207
454
1380
296
8360
3069
479
173
2525
7158
42413
11394
566
862
8325
99854
13374
398
221
1231
322
157
2462
1746
7612
357
4043
64606
13169
4037
52756
4820
34002
180
1692
11525
22342
46408
2223
252
16670
4112
377
1591
632
646
225
257
3534
976
29741
730
6690
115773
176
200
229
769
225
476
306
196
813
415
488
545724
1412
46508
1340
209
222
179
222
266
3652
596
48391
766
3745
184
17037
1139
995
112762
132
4718
184
17846
425
208
3363
948
35871
31198
371
43492
8723
1370
194
3406
177
610
381
4478
152
2601
774
3567
5350
2230
354
7816
696
34366
7322
205
174
642
126648
191
175
12769
193
181
2245
148
233
233
173
215
1203
132
14677
1940
157
186
815
1350
10308
211
6772
35829
24862
165
5375
187
904
35569
7875
106863
4843
238
225828
287342
69399
1416
189
211
447582
371421
210
1141
20729
359
14552
6945
1985
10134
987
627
977
350
5744
671
193
248
4440
359
12378
24622
409
167
139
177
55317
733
380
12453
625
262
6942
324
652
233
2623
5566
408
344
376
159
18446
158
322
821
233
13594
206
1082
243
13463
1030
66783
234
176
669
6267
196
546
3149
191
773
4365
8219
902
22093
823476
171
563368
1896
235
4672
2412
197
740
830
1002
42277
17233
280932
344
1095
36170
281
214
139
8033
4092
228
228
6679
154
171
33998
219
1998
2910
1581
12620
153351
26040
341
177
5059
3905
16052
29945
235
427
15073
12787
13777
185
2972
263
788
1302
2482
94354
182
443
226
748
1511
650
1070
1841
9575
30880
235
499
211
4072
749
1594
9353
194
901
133
139
10255
180
699
779
228
1674
66416
88656
166
632
370
792
139
5129
548
3347
200
16698
4480
179
1198
2901
899
547
5422
270
335
180
245
5125
1275
187
444
1222
5893
5642
22312
180
1388
185
183
196
28374
601
130938
532
31107
3563
29853
709
12254
6525
14263
1273
237
2025
3614
414
422
200
419
258751
11610
233
21335
193
319
7911
3851
844269
2247
3235
17759
797
189822
122703
19307
613
188
232
1222
230
1120
973
2194
16192
34341
44854
178
150
5988
212
188
316
13015
191
1918
73930
3647
44556
42070
1258
637
103262
13060
2505
440151
1719
3411
165
291
296954
160
250
9360
63736
6576
143
361
191
331
180
358
14079
10359
4305
369746
80366
20989
174
257
47789
196
600
1069
186
309
586
324
3368
1555
61608
196
217
1442
447
6518
157
56238
80378
222
710
1962
415
1023
227
27303
582
2632
8901
26271
6300
1027
29505
142
360
189
2996
12203
193
239
722
657
169
186
7445
296
98638
254
345
176
8282
623406
34100
241
106976
1736
327
2429
48089
931
161
25350
256
30457
404
55433
25405
196
210
541898
175
1423
2355
36056
2560
393
20977
1175
16543
26819
4061
544975
188
349
841
200
183
47959
264
1115
5666
13640
919
511
186
131
284
214
466
78862
27093
199
185
24153
190
834
958
257
5499
656
231
4232
192
349
155
6563
210
108485
216
852
574
204
16825
2769
921
167
53712
202
27190
20829
566
355
13648
24633
42120
10128
2627
296
46568
33746
448
64466
1054
285
19689
323
161
226
237
175
3706
5840
15613
2028
21628
15649
