0
247516
277874
323966
179122
260955
252706
138213
351132
280589
223126
308960
190538
264391
251111
354447
319918
262976
419820
485718
385916
573390
432981
393406
543119
344738
514860
847961
433636
436303
474078
406480
575787
622348
603007
593727
626007
655260
566161
672414
697317
715883
720977
603990
797554
725281
644444
506931
797240
547152
685737
690721
1421686
752699
709124
790753
781373
734644
814276
980703
1144835
867103
1048564
800485
773761
689059
888070
772994
794120
1128633
826108
782542
680465
987502
1171016
1070278
903543
988920
1110985
960443
1119733
1131817
1462959
1299889
1017676
969259
1318891
1470288
1049309
1276242
1009392
1087064
1135198
1177048
1298702
991773
1031029
1505417
1707498
1205160
1075045
1298707
1530599
1333995
1591149
1321315
1501911
1496600
1555909
1398171
1373739
1293203
1311859
1553059
1417046
1514954
1513445
1402446
2391100
1204792
1405620
1607062
1786623
1380600
1799013
1684366
1722415
1397664
1780675
1406365
1980197
1314772
1915544
1798092
1638542
1853630
1660591
1572963
1720870
1755876
1784092
1446444
1712896
2031799
1785830
2243156
2285298
2156549
1720082
2063095
1703840
1728719
2281846
1907872
2330118
2125841
2195567
1527459
1824735
1829599
1801068
1889655
2379824
2122485
1861039
1904944
1968492
2966814
2064888
2699946
1964408
2217736
2282811
1810346
2408944
2172308
2426222
2560813
2101134
2158366
2472570
2184528
2429672
2122910
2515490
2352094
2417656
2720911
2582709
2322850
2196042
2179307
2160508
2444540
2514528
2811309
2480576
2179262
2953139
2863707
2575260
2682586
2664980
2256414
2850493
3307024
2633524
2832820
2507356
2312022
2676387
2337900
3356503
2972411
2395122
3226007
2549572
2949062
3598719
2845949
3354548
3886960
2598321
2899145
2732001
2879256
2683245
3669000
2867623
2883609
2846685
3030942
3069602
3657198
2627432
3002322
3614107
3550599
3161867
3358721
3583761
2968862
3463434
3576959
3121145
3347706
3510139
3338915
4109355
3216336
3737072
3837769
2931487
2939776
3406892
3379438
3244891
3590079
4354988
3464794
3091652
3305844
3288388
3171451
3268323
3760407
3620335
4267499
3954424
3885233
3314462
3397045
3699778
3712229
3890635
3944729
3056636
3673727
3235380
4332262
3317261
3418577
4086009
3452430
3388275
5011932
4253544
3378530
4463441
4139928
3884256
4328126
3725325
4026648
3817720
3832041
4128650
3142498
3899571
3510843
3898311
4106074
4941410
3758190
4450753
4190504
4427078
4474796
4146550
4790575
4697863
4329004
3947379
4993732
4152406
4542460
4879362
4265788
3574073
4444963
4432468
4879873
3837421
4772710
4227470
4209468
4058258
4263743
5136170
4939495
4200057
5023574
4216900
4936959
4268544
4172060
4361551
5218806
4723081
4688128
4932777
5324068
4156511
4459421
4926968
4971934
4989354
5213791
5780960
5566646
5238875
4500874
4591774
4568582
4479605
4988980
4232012
4841873
5696879
4658383
5339973
4830883
4899123
5168358
4838329
5610610
5246965
4510462
4306766
5180036
5817786
5218639
4818194
6018988
5144898
5129929
5363822
5640219
4406711
4954848
4741746
5830272
4764503
5348763
4703467
5347088
5350929
5750964
5513149
5204085
5410373
5822356
5775518
5651004
5367770
4840508
6561665
5013349
5364800
5226574
5683820
5208553
5130983
6305310
6649204
6537385
6052195
5859511
5966353
6370593
6217979
6668551
5734692
5259181
6601629
6140476
6039610
5577937
5569499
7112806
5489706
6237927
6830690
6142868
6278996
6614937
5676024
7814155
6328146
6134573
6498799
6761943
6595614
5765451
6766924
5423926
5711001
6837043
6769662
5841459
7137382
7481275
7468445
6728173
6814595
8020339
7610832
6312948
7396076
7700822
6224974
6592491
6932373
5840608
6671009
6835558
6249250
6404024
7488931
6677886
7756256
6047982
6587313
6318818
6961076
6301829
6977762
6778462
7026942
7260580
8039675
7786032
8292107
8072980
6217759
6817157
6661631
6643909
6408413
6960603
7154748
7931363
7768029
8225193
7332186
7400651
7721137
7211219
8020863
7830244
7461040
7325860
7055561
6679359
7811598
7028227
6906760
8632910
7433722
7362291
8313740
7605104
9193637
8297903
7759816
7882197
6768638
8254545
7835419
7263832
8276397
7767461
8299337
8192577
8365131
8328740
8514590
8698569
9125823
7487785
8786830
7651853
7513752
8319997
7897355
7498891
8031919
8145195
7827514
8888953
9102664
8657248
9079381
8874483
9032360
7751137
8920041
7677744
8082345
7968012
8783297
9209101
8041187
9204260
8572885
8261856
8420521
9857431
9076164
8496697
8910227
8153490
9709554
8705511
8625325
8849355
7737330
8724329
9252118
8908683
9258292
9127115
9115604
8717213
10229881
9096680
8964035
8960436
9843551
9176209
9234096
8117070
8920978
9987447
9485192
10222629
9106242
8830073
8910363
8849543
10137105
9165992
9369076
10075501
9591092
9137680
10312679
9493764
8934476
11193608
10232706
9457663
9999134
11071726
10145547
7829412
10840147
9893305
9456087
10149219
11199542
9122202
10065163
11454637
10828152
9738431
10836408
10683216
10532756
8912281
10121991
10189938
9266486
12693718
9189325
10338160
9997891
11577027
10486298
9998060
9802023
10973616
10683998
10306332
10923877
11457049
11316705
11286680
9072530
10854957
9595578
9897578
10999307
10878138
10604484
12167731
10809555
10616489
10303584
10344761
11358397
11699224
12541017
12436735
11641732
10489397
12091718
10804237
12004813
11318117
10732628
10229088
9539118
9907601
12603669
11487143
11511084
12696335
9720524
11473314
12559899
11818250
11399984
11106719
11728090
10758226
11888798
11066800
11605527
11577589
11594668
10967826
10331389
12287962
11872499
10769827
12692831
12381456
10716732
12622771
12117038
13382954
11211696
12585619
11805537
11166543
11534144
13118681
13513213
12730900
12631494
13069486
12000485
13466043
12135376
11568412
13314018
11508119
11930818
12659165
12446576
13467853
13570290
13593464
14032083
13860603
12351507
12683145
11585969
13747200
14452568
11393720
13718119
12613978
13071125
13375900
13257389
13362153
13088032
13077184
13996297
14449126
12506175
14574617
13141153
12757432
12514457
13153183
12979979
14525991
13310870
14244141
12715187
14581976
12595860
12177938
12727057
11480183
13207235
14953186
14208954
12940315
15061149
12688074
12188486
15089959
13507271
11517160
12952945
13387172
12594750
13304405
12450021
12958285
13154119
13286538
13092976
14076938
14307165
12880281
13190868
14172760
13478915
14792491
16405880
13419157
15569807
14897930
15074608
15151580
13323653
13719785
15565291
13903963
14198897
14471138
12968526
14907946
15551033
14001874
14676652
15080404
14444977
14064089
15520264
15860113
14109269
13217276
14860752
16667263
14822085
15356626
17170531
14856001
14956079
15105213
15202467
14840364
15080061
16169648
14674392
14668796
15636561
13045280
16020607
15388256
14284094
16081428
14489765
15351890
15500229
16206742
16708817
14213308
15291653
16935372
15614291
14220897
15287831
15319724
15652770
14786951
15173435
18161832
15608374
16857838
15124892
16855481
16457323
16655212
15967134
15645962
15741387
17353479
15320433
17597392
17385910
17287410
15198460
15451271
15347517
16979120
15155036
16397770
16573159
15401364
17190258
17590662
16127794
14086275
16730524
16973505
19312501
14728562
16704725
17254496
16447264
20396194
15625348
18549243
16478560
16205583
17028077
16462245
15615449
18863588
16273376
19834284
17353963
16248491
16912482
18126131
18291229
16789667
17849423
18315346
16752821
18080056
17753750
17231689
15920998
19423309
15774784
16493412
17217852
18041555
15844150
15505700
17455803
17122970
18164684
17479604
19398560
18464121
18393917
16606408
18430804
16342599
17151074
17452204
17985300
17519247
17822252
19191540
16863276
19302934
16555311
18869451
18203748
19169972
18291655
19325438
16777065
18572487
18840463
19276590
19025770
20148942
19454599
19719079
19348854
19733160
18485406
17998393
19915740
18239597
18257415
17824385
19517963
17918185
17103279
17850266
19763479
19041291
17759782
16777537
20491570
17643507
17785759
17637875
20071249
22152380
18457828
17947082
19007717
19708991
20255492
18648064
19513533
20298681
20452255
18574214
19794255
22277226
19726274
19324216
17624872
20284008
19060975
18889098
19983066
19213625
19864124
20378778
21931536
18380624
19196748
20343062
21597685
18262940
18511029
19891245
19166781
18697842
19936359
19249167
18466352
20918909
19936944
20126843
20117450
19450634
20585880
20849971
21623349
19128412
19461075
21222325
19072626
20334036
21121508
19523791
20246088
20355853
22265440
20667110
21702358
19567964
19937210
18886246
