0
185
2140
4503
336
617
11766
20714
275
636
11399
6047
12266
3545
386
4782
16395
14073
816
1610
67461
218
383
189
258
327
25529
6429
9092
18339
9622
260
53394
9213
39180
4754
1957
1779
189
322
235
3626
9133
730
11372
29468
16064
3107
3867
10125
4469
336
37372
3846
9930
50315
402
10956
192
6249
2000
14023
300
8289
11166
950
435
1010
2009
7368
269
3775
433975
22499
268
266
377
23738
5933
401
316
244
11898
17162
45057
1524
1041
14119
294
17591
364581
406
12270
721
297
26364
1831
1851
247
62436
44849
358
8608
327
199
79071
9280
4768
14470
1443
21203
5396
1189
21882
350
7016
6293
18895
610
89972
217249
15123
14300
8560
19251
265
1023
25170
25701
296
20934
4887
779
8615
515
4447
217
13354
4391
77248
19095
977
6203
20866
9378
419
108403
816
241
357
7246
9485
8389
5098
8129
82464
35421
11499
361
24329
20006
4826
304
511
369
99620
381
185
4690
9384
342
189
347
455
36798
1009
676
11272
563
1742
270
11149
27667
16109
6829
6339
11061
5499
18772
32182
217
35450
74003
13541
102028
1226
13207
982
7061
33662
388
389
3854
13409
19850
440
3649
1710
61019
1608
2774
271
605
3310
18951
631
867
9228
4746
8435
67198
270
9763
2828
28486
21802
536
13656
488
9407
2081
41650
240
430
1802
40216
22474
37646
28229
8462
236
6191
111
1068
9457
13172
5336
16572
33028
4347
267
5049
17055
34100
2094
159
7655
6505
3959
317
300
37412
7182
407
7852
25895
32314
536
21737
633
473
6565
16681
56286
1315
1758
156132
5750
12604
34129
792
449
33640
363465
197
27128
20793
2791
27306
12407
32526
5606
4635
247
2080
5908
68427
364
394
4756
10999
1528951
6890
1013
12047
10536
160040
33486
306
602
265
30413
22353
12923
456
4509
7918
15176
2538
317
631
24155
582325
1758
26349
42339
319
12668
9037
14380
388
9878
31692
20932
1570
13085
10983
237
243
36775
286
19643
3339
20878
14764
9960
21245
4439
464
28956
305
92549
23657
7387
1529
326
8584
551
39772
15101
9940
8974
17161
454
1124
192562
14151
29968
423
1306
5679
297
2549
14188
110024
431
14135
4858
63187
936
334
28051
2010
29417
12427
357
13215
1292
2212
8970
367
2274
17866
15268
432245
1029
1017
2782
268
35421
410
496
22824
16339
12935
1046
430
429
268
9725
9762
2341
12014
760
15288
219
15846
421
483
559
3892
1505
18109
3479
9030
15490
2428
25464
627
292
15256
755
1194
22786
322
21045
2678
6691
64448
538
1597
244
191
1943
287
441
3241
818
13729
11696
15585
14898
16994
4315
3026
679
126654
3968
26481
626
1116
20762
3452
564
14450
4626
325
380530
23978
24283
3085
4433
30439
9854
641
350
33585
22108
2122
327
13607
706
24454
746
3892
11979
11576
459
18990
28902
843
18981
372600
17021
33872
20187
3691
1101
2463
286
10609
17038
196
33244
10256
11755
1960
20359
43132
7079
26463
890
9121
6305
41385
1180
66858
101798
21378
316
29010
2439
42934
253
37515
258
320
2629
12976
12165
15770
925
11211
8829
2595
879
1099
281
17298
45217
404
6905
12031
75044
26144
8518
13741
106376
11656
39006
7373
36371
23312
27098
33349
10291
3165
20497
290
24396
4637
475
37615
34735
13215
608
23138
39558
660411
4160
1804
23421
182879
933
66400
5521
628
18723
7835
89748
17242
50828
1040
1470
23069
17001
512
606
4866
2200
14188
12305
8311
72852
47866
53920
514
12974
474
5158
20075
800
11158
48339
13235
556
345
16847
514
3538
1116
11771
12502
13284
33396
21945
14462
11001
4880
38398
11743
29834
366
417590
4811
31138
46172
54589
55124
1861
12443
11113
455
22222
6202
4849
153458
9946
18771
36950
56985
3824
11876
2363
22078
10940
92634
347
8901
74813
730
3581
2330
9419
116748
364
386
10250
12819
2919
481
925
2536
2629
14344
36738
2970
8015
15704
3019
180421
10414
12522
1002670
9427
321
61189
8311
2275
74988
18784
15675
22610
225421
4116
25870
325
27708
11717
292
3579
97063
23077
21179
484
6698
534
20142
19796
1580
411
2104
5315
338
303
1248
346
33293
9790
7840
23574
6057
20048
11828
11771
2415
103728
1272
1533
54674
63633
30683
261
14495
7570
17654
24985
1765
12926
15340
302
642
48889
36112
15222
6646
11181
17009
287
68680
29193
35396
19480
6514
18150
1943
30506
4969
8856
10889
593
117379
11578
802
414
464
294
9163
13918
1133
2373
638
7695
6179
14784
603083
1181
48633
2833
340029
22685
326
6103
15484
11899
6319
1257
2229
19235
307
380
5020
306
17433
7935
7130
1877
2697
1633
49515
13872
15090
7047
3168
135029
22401
6770
27479
858
8442
5178
5753
187771
30776
19227
19554
602
7042
6337
7077
1012
199382
16651
2150
705
9059
20972
11304
2024
17741
17637
11299
3488
5838
8252
11432
14614
749
59899
3240
30170
661
415083
35270
568
12354
6738
24888
191765
42922
50526
19621
115173
2271
9624
7320
573
649
4303
11934
717462
15789
1749
25845
5972
13127
522333
22109
41056
23815
24785
9548
47239
6957
509
5241
1620
1886
596
181636
23508
68698
634
539
14426
7337
2293
57590
745
600
8500
4953
574
12891
185304
34077
378
366
11214
22473
3114
76525
18888
540010
10177
7129
32707
62047
14702
1075
4016
445
79961
18311
2111
203151
15083
20530
33328
2068
85417
15269
8715
431
18690
7740
30251
10853
824
21887
400
69651
15593
3246
78817
18675
27401
1488
261
40776
956
70659
27433
125144
32733
4081
11208
10183
9250
18733
11743
40586
1812
2327
11841
4718
2052
5955
12900
618
383
2437
15019
2519
18387
18772
109615
17838
33639
29285
28229
90373
7150
267
534
457
4965
7499
16143
2587
6946
547
20671
1200
48110
6364
74416
12173
2014
1021
26713
1581
7419
1111
319
1217
15159
26225
1110
6148
12458
25894
1253
200290
135762
14478
16970
20110
14824
56567
