0
208
399
0
655
0
0
372
0
317
218
0
378
0
62908
0
0
59732
424
202
0
151
45431
0
308
0
0
0
325
912
0
150
0
259
239
0
358
171
0
168
0
0
0
266
0
0
2287
161
470
500
0
309
177
0
495
548
33058
0
1814
520
26622
0
0
98884
0
116
0
50259
235
0
674419
215
201
0
0
0
0
164
2067
0
0
201
374
205
0
305
0
277
429
0
236
0
0
0
155
0
5899
209
335
443
49313
138
243
0
0
752
46611
0
125255
0
29999
1329
0
173
269
0
0
0
535
240
0
0
185
17090
163
1745
0
175
36151
432
886
0
0
0
194
0
626
0
251
235
415
264
0
434
0
85342
192
259
527
826
7282
0
119214
0
256
0
38383
0
0
0
408
0
230
209
0
160
290
108708
596
199
26580
0
0
0
0
393
174
0
1754
5381
0
33917
164
204
0
203
356
343
0
0
245
0
0
188
208
0
0
0
0
1436
164
0
0
0
16950
3413
167
180
158
174
31369
3421
0
0
118
0
0
308
46889
0
104847
203
185
12906
0
539
224
206
821
638
0
178
50906
622
0
357
0
0
392
11318
363
389
333
0
119
366
9842
203
137489
0
68542
590
0
0
215
0
305
493
0
0
0
647
0
133861
9137
906
365
0
0
174
185
143
65486
301
169
416
179
692
1021
232
21079
0
133678
426
311
473
0
186
258
0
0
15502
0
155
72241
0
197
176
434
1246333
0
0
0
361
825
155
275
0
353
204
205
0
10558
0
1746
295
0
303
343
150
153
739
0
0
485
0
0
5964
0
240
43132
0
0
202
199
0
0
307
458
1565
52404
0
250
176
255
0
155
0
0
0
0
0
0
37707
317
0
194
169
394
173
185
0
28143
0
333
623
512
131
0
236
28386
0
122
793
526
266
231
304
0
156
0
353
0
0
0
302
0
118
213
528
0
0
0
3924
682
323
158
155
71630
0
0
0
337
329
0
0
157
0
161
201
0
0
218
500
0
0
251
186
207
262
0
537
174
913
479
174
0
389
197
334
1461
2522
0
0
0
193
118
0
677
0
70078
334
86055
1090
179
66061
0
0
13895
0
0
526
688
134
0
350
1017
18184
0
0
206
0
0
0
0
704
0
0
24996
325
229
49049
1175
180
174
10960
128
310
152
104192
711
0
0
0
167
0
280
271
731
176
4271
5092
0
186
897
600
203
0
118
159
50648
300
0
98562
125
189
160
0
0
176
0
0
371
249
374
122
215
17790
153
0
152
0
0
281
0
390
215
45131
0
0
204
657
809
8319
0
158584
4522
0
0
405
0
0
368
177
0
195
0
0
0
473
1142
439
626
130
0
0
0
98560
223
104
0
0
36383
0
0
0
278
70619
0
183
0
0
1984
0
205
0
161
267
0
186
294
0
187
0
249
0
0
102
0
672
453
373
173
102
0
169
0
1249
0
30547
26048
313
478
126
476
0
1156722
231
287
157
156
309
0
11377
0
238
0
0
0
609
0
128
134
199
130
468
190
214
25822
72781
223
525
122
13201
309
385
0
466
255
244
291
0
0
0
0
166
194
154
180
155
166
267
312
200
0
385
297
179
395
287
64386
115
0
121
206935
0
0
230
188
0
263
581
276
0
0
535
390
1914
163
525
240
523
616
0
0
354
0
0
305
326
3874
0
0
0
347
0
76905
0
55502
121
0
0
0
491
0
263
34497
444
0
236342
146
0
0
183
194
112
0
5633
0
347
194
0
0
0
0
0
737
266
0
0
194
206
0
0
50351
0
486
464
722
0
190
257
15916
0
306
198
275
0
1188
0
0
461
263
1574
0
478
576
664
184
177
374
22557
268
502
301
145
0
0
541
2956
1320
487
235
207
507
199
208
41971
10805
2521
0
393
559
0
0
248
164
84273
248
0
0
2146
0
131451
0
0
0
289
18818
223
0
147
293
1413
0
175
406
11034
0
355
339
45562
888
120
0
372
0
266
0
0
0
168
204
0
280501
0
0
0
115
165
136
0
133
646
0
165
145
255
0
0
1197
164
40434
0
0
451
0
280
781
0
160
0
0
1540
156
0
205
0
0
0
0
0
0
155
359
0
0
0
0
0
0
444
125
160
354
247
1320
212
2399
0
0
15507
0
0
0
681
0
652
4956
0
3762
0
33008
818
0
149
403
682
217
175
450
0
0
0
0
850
0
48885
183
0
35895
154
0
0
0
0
177
0
268
0
0
1531
213
214
281
0
0
1538
208
323
1778
435
779
109563
260
165
0
6538
248
0
0
21624
208
213
268
258
0
142
414
0
121
153
335
0
663
158
724
286
4451
0
1837
145133
0
0
222
0
387
0
807
4506
153
798
443
14969
205
152
771
448
579
0
239
379
255
0
177
0
0
503
122
252
104117
0
1274
0
0
0
0
57501
1686
0
198
164
0
172
17555
0
2637211
190
694
0
211
10288
177
13867
0
1756
0
189
206
149
0
528
181
285
223
99
240
124
0
0
38428
377
457
0
15750
4032
0
29429
0
0
0
48200
0
6902
363
0
1004
0
23794
172
502
180
0
0
0
179
332
364
195
38698
744
36505
119
0
282
267
0
342
140334
273
1497
0
0
481
164
0
524
22864
0
194
223
333
179
634
0
244
0
0
155
9915
0
0
0
138
15596
93799
0
0
477
59139
0
351
307
152
174
0
718
0
8991
2437
9343
160
10353
190
0
0
594
365
0
0
305
290
0
0
354
0
152
0
967
288
0
394
0
0
313
0
0
0
3508
200
9216
550
0
523
0
0
0
888
0
0
186
0
0
0
396
0
0
324
272
208
173
159
282
0
40898
2224
0
0
0
0
0
213
0
0
0
391
0
0
347
1733
212
0
558
0
119
0
220
393
0
0
673
0
0
182
2429
339
0
476
0
0
352
33367
77146
234
0
208
160
0
0
0
419
0
122
1214
371
0
178807
0
0
108
0
359
0
214
0
0
0
71044
751
262
470
292
164
0
643
0
0
252
0
168
0
347
789
0
0
0
1544
258
275
138
193
0
54416
287
0
374
173
0
0
196
118
190
0
701
0
180
918
0
0
0
55334
0
330
0
134
3374
173
198
4485
349
0
0
0
0
138
0
0
0
381
0
256
141729
0
371
477
0
267
344
541
341
0
450
0
0
171
735
0
6495
152
1128
127436
8807
0
496
0
0
261
192
561
230
271421
206
27263
0
132
0
0
602
440
220
188
321
0
274
119
0
122
0
0
198
0
169
718824
204
194
0
306
0
0
159
0
117
65027
0
0
227
176
121
31416
367
0
340
72072
0
48628
0
0
0
0
0
348
208
334
57522
0
399
332
0
225008
123
0
0
101645
0
1158
0
0
39255
55337
0
133
0
0
0
89353
0
437
158
0
0
313
2353
403
0
6172
192
0
167
349
0
97
325
631
148
35638
186
0
0
0
159
493
468
258
238
146
0
0
0
4453
121
343
877
396
182
689
290
0
186
0
3605
0
162
624
103
233
0
318
294
0
199
0
506
266
0
0
1208
0
953
0
169
0
0
0
117421
640
0
0
382
0
342
0
522
0
0
696
718
0
0
5079
14903
0
110474
0
0
185
114905
184
277
199
181
240
71068
54029
0
271
618
214
0
0
0
0
0
0
0
898
119
145512
0
0
0
351
474
795
247
889
0
0
2935
296
0
14402
0
617
1401
0
200
605
169
1117
165
233
0
0
0
71393
0
773
162
198
0
266
0
0
643
0
167
180
359
0
173
488
0
584
0
476
27037
377
155
0
2326
154
84685
287
157
249
0
366
0
0
280521
195
347
198
269
494
282211
14705
27516
343
0
198
171249
1014
0
7234
168
0
0
168
576
0
0
0
181
700
329
2405
0
0
0
0
252
0
442
180
0
0
0
0
1045
737
366
406
0
5137
0
0
0
161
320
0
226
0
602
352
154
160
588
122912
168
294
264
0
0
233
357
0
192
222
307
0
0
114023
0
309
36744
0
304
460
0
317
0
478
745
334
31699
347
221
0
126
1193
56037
328
372
46104
362
0
0
30562
227
0
56149
345
360
297
500
0
0
255
186
0
536
0
0
0
365
161
208
186
0
0
0
0
433
0
0
0
514
0
163
0
400
538
3631
479
18958
523
0
200
344
0
229
209
391
223
615
0
0
253
459
0
0
0
0
313
153
0
245
208
201124
0
0
6657
0
15277
0
597
157
278
304
555
177
0
0
463
16067
170
0
0
157
0
44357
368
656
144
170
0
212
0
186
0
0
186
3430
182
536
184
7219
0
0
370
399
2482
2868
0
0
0
416
0
96
802
178
0
0
185
0
1979
189
0
0
3228
0
26961
281
0
150
121
0
169
4245
203
169
105
0
295
828
354
0
0
0
0
142
0
0
0
272
0
557
247
0
307
0
202
3165
930
0
0
0
0
0
0
696
171
0
195
0
0
420
207417
297
387
0
0
0
796
2517
301
0
1557
168
0
0
301
631
170
141
165
191
141832
462
0
0
341
0
260
125
0
253
0
0
355
0
7879
62468
255
189
2206
0
1455
0
936
1100
1467
137228
156
209
327
132
0
170897
208
1305
0
0
129
175
529
21152
15454
511
326
445
0
323
221818
0
0
0
173
0
3789
0
0
330
255
251
742
194
6420
289
708
253
495
427900
0
0
0
376
0
274
171
232
408
1429
107164
209
0
585
0
0
0
232
320
0
295
129
0
251
3779
189
0
0
198
151
312
0
0
774
412
0
0
305
0
381
379
0
98547
0
300
27753
122
0
391
194
160
0
504
17058
210
0
0
0
0
33818
348
553
0
207
754
211
701
0
0
0
181
188
247
128
2033
0
0
141
0
8588
153
131
203
0
271
525
178
726
0
18572
0
70536
252
0
617
337
0
0
170
493
750
11670
0
0
0
374
3640
315
203
0
172
944
183
0
0
308
276
126637
0
107
168
15245
340
0
0
157
477
206
185
46003
23243
233
0
287
0
0
0
137
0
849
0
0
0
6263
287
0
205
0
0
158
384
0
0
484
279
641
301
319
0
0
407
186
0
546
259
0
98419
234
178
0
5307
202
17152
146
363
0
0
132
0
129928
208
1203
0
255
209
488
0
333
0
720
123
15974
274
218
316
0
45623
175
7173
0
181819
0
0
9837
380
0
577
232
487
209
1079
0
27185
266
169
370
1126
188
0
0
498
185
0
406
120
117
62197
0
598
315
145
0
392
95333
31533
200
0
0
277
0
687
0
156
0
253
0
209
727
255
2038
0
37235
0
0
605
733
0
0
302
655
0
125
394
269
304
0
2551
365
39263
1443
262
0
0
286
409
384
339
0
380
0
0
361
466
0
0
0
0
0
0
0
27160
265
282
0
445472
0
342
188
0
343
0
423
332
20638
26973
0
284
0
256
364
0
107191
0
470
130714
143
0
451
342
685
0
0
236
146
1577
0
0
24272
169
0
1152
0
459
565
254
0
0
20763
473
0
0
392
307
20827
0
118
0
336
307
4621
403
164
230
205
1289
2665
161
0
0
14584
0
0
0
806
193
0
273
0
0
227
0
103
0
0
186
0
339
0
0
232
335
299
188
250
244
130
319
0
0
0
0
320
21711
523
0
0
1359
39001
728
0
590
152
139
159
0
193
406
0
116228
0
959
84614
367
248
355
0
0
334
0
383
0
818
523
337
0
0
164
0
119
269
542
0
284
13846
215
0
0
0
0
120
264
636
289
143
204145
0
222
0
0
0
529
211
160
8500
275
0
0
251
7144
242
152
1649
254
220
238
357
467
122
134
254
0
1151
0
407
28825
3519
0
326
425
0
395
17619
217
13806
250
374
944
0
474
0
225
0
2109
0
161
6518
353
0
289
0
0
130493
370
116555
211
240
0
0
511
456
0
20302
0
0
289
0
0
535
0
212
308
191
132520
0
0
382
652
0
6534
1873
0
165
0
0
1120
0
376
0
297
547
52462
52968
248
162
0
279
36803
120
0
0
167
408
0
343
0
974
0
8873
337
161
952
0
0
0
21690
0
0
195
473
195
0
66298
352503
0
72163
207
867
646
359
0
9248
0
276
0
7275
282
221
43864
43379
271
584
326
0
311
0
0
0
214
0
215
0
0
130899
176
0
212
0
172
0
580
0
0
0
0
503
252
214
0
0
379
550
307
683
179
1490
0
192
0
396
69322
0
0
134
317
0
814
243
183
338
362
190
170
146
0
5174
387
0
3548
249
43742
157
0
95
197329
9688
175
0
278
0
14947
235
149
38464
1477
1055
193
0
21951
0
221
534
161
291
533
0
705
0
0
170
10502
328
287
0
0
336
0
0
0
209
367
208
0
0
129
381
181
98618
232
0
115
4396
0
0
1180
325
122
0
0
550
266
390
533
0
414
300
0
0
326
0
0
218
0
127
0
442
680
376
980
0
0
0
0
1106
216
169
0
0
1680
0
11098
0
226
0
0
130
254
173
228
1369
189
659
3132
191
340
0
297
390
302
0
0
208
7019
1101
185
0
0
0
0
164
150
6631
0
158
0
3710
0
5428
60281
2158
235163
0
180
0
329
231
0
0
0
1387
770
65987
0
834753
397
0
0
675
493
500
386
38274
0
0
0
163
0
33538
28848
25262
0
0
886
39280
156
0
5017
294
673
1180
296
8821
175
204
2069
371
634
0
73356
34043
0
131
332
5060
281
197
204
0
0
897
0
1253
127
0
0
448
473
180
208
523
295
0
202
0
422
344
0
292
0
0
459
142695
234
680
0
362
0
0
0
0
313
178
39820
324
52749
164189
289
564
0
894
0
3458
268
0
70839
2688
0
162
0
472
0
442
1761
103608
0
0
303
0
1286
533
223
0
0
0
1288
0
174491
143
474
207
117
0
0
0
213
0
1371
555
17864
182
0
387
243
296
0
404
58867
0
776
2857
3096
0
0
0
257
248
183
0
228
0
0
297
349
750
188
549
301
189
347
0
0
0
1038
0
0
0
326
0
0
2647
0
359
0
303
241
2948
97
341
191
130989
303
221
183
0
216
129
0
115375
0
0
265
57758
236
659
126
283
2244
0
0
120
820
0
482
0
0
25690
0
166
13229
334
0
347
582
330
20662
14520
0
177
24873
34908
9086
1265
134
7564
3642
226
280
404
209
939
252
117
0
424
519
193
0
383
0
0
0
361
0
369664
0
141
280
490
0
0
325
134
0
554
429
375
162
176704
471
0
335
365
298
233
0
448
0
278
0
15651
28105
0
158
0
122
201
244
3307
287
151
114645
5689
0
13643
185
1134
0
209599
0
185
252
309
0
169
0
0
2215
28357
0
225
0
105634
434
0
434
271
492
223
0
425
21401
0
0
359
2387
0
165
303
258
121
0
243
305
284
0
484
0
155
0
0
343
0
223
0
250
0
208
2257
752
0
119
214
0
891
191
0
646
0
478
617
220
534
493
0
4946
0
0
119
14346
265
0
198
0
365
0
72545
0
1804
0
0
265
0
97157
430
311
810
0
180
228
0
0
208
592
182
0
13238
301
1109
0
610
174
520
23992
256
187
162
0
0
195
885
429
0
0
0
191
274
5034
408
397
0
0
22093
0
0
454
0
638
660
16537
691
417
558
0
0
0
0
225
317
0
349
209
0
9681
17042
264
176
91657
0
235
0
0
914
0
286
0
210
0
1037
380
0
0
206
366
103074
336
131
0
398197
548
0
0
0
0
270
180
408
62923
788
0
0
100223
181
0
218
0
75494
0
0
361
0
183
318
147
0
0
0
252
0
309
185
0
363
88960
0
329
0
140
53425
0
0
26727
0
0
403
0
1048
0
392
78920
177
204
0
36141
333
0
66478
0
1019
403
0
654
0
0
0
21043
0
273
0
163
493
148
157539
279
2817
18994
227
781
606
366
150
292
0
92998
10382
230
0
0
10133
283
337
489
709
331
358
0
0
326
183
0
0
428
0
1104
1172
356
314
0
0
168
0
94
246
1183
880
0
618
0
1333
0
0
55910
177
0
132
0
0
375
442
539
2237
0
488
466
0
8444
0
327
0
0
225
197
432
0
0
13262
0
0
121
189
129
0
0
0
480
185
0
580
610
645
0
51820
955
3241
313
335
0
273
182
215
0
552
126
432
163
554
1444
873
19295
0
266
168
0
415
480
14371
0
0
244
309
0
282
46211
313
29098
276
86967
129
0
0
0
488
1470
0
31840
0
221
0
132
205
133
19077
0
8846
1834
826
88066
155
529
0
0
0
159
0
0
0
0
293
19502
0
0
182
4334
419
0
168
219
0
240
189
0
241
0
18840
0
782
344
0
195
0
173093
544
215
121
163
0
134
489
191
432
465
0
3467
0
6058
375
878
196
1581
56347
404
671
0
405
0
0
0
612
204
0
186
193
0
0
0
302
210
0
371
0
267
0
0
216
0
345
0
0
44603
159
131884
0
164
841
0
47545
436
165
190
0
158
291
438
252
164
342
0
533
422
560
0
0
400
0
138
3080
0
567
614
402
445
588
46886
0
158
0
99919
127
68613
158
763
30153
166
0
672
309
241495
154
509
228146
186
0
299
311
4155
331
41417
1462
0
3922
146
0
0
348
267
22177
293
283
1629
220
0
0
290
227
44918
230208
125853
0
38906
142
29815
533
0
15104
45903
151
368
0
0
0
178
10079
151
273
6273
156
0
60339
53959
0
310
535
325
402
150
0
281
57875
249
293
0
169
333
0
382
125
0
0
324
0
0
550
0
0
1248
403
359
170
60557
0
196
0
0
0
11981
88667
0
0
130
181
673
352
223
1558
0
315
0
0
1513
1565
0
0
215
155
204
0
162
65191
118
318
0
20757
332
29431
427
288428
108
0
289
0
14075
0
373
205
243
415
128
90714
283
0
359
67400
131
196
0
323
129
0
363
809
0
2247
0
59243
156
0
347
1117
114150
0
10968
0
0
0
0
121
0
314
331
837
485
914
0
248693
254
297
343
0
0
410
295
328
452
533
60350
215
1081
11080
0
7263
1000
0
1273
685
590
359
3490
98311
206716
0
0
0
0
207
545
104
566755
337
0
368
926
0
454
72892
113537
3001
73551
378
126679
393
433
1057
0
409
0
168
238
0
227
0
0
223474
147
138
10009
0
395
350
0
180
194
0
0
0
0
205
0
0
172
0
484
0
0
45938
158
306
0
171
0
13286
5706
0
0
0
433
28797
0
1786
7298
158
189008
3129
424
514
5436
0
169
428
74458
294
521
294
533
254
0
159150
140516
403
334
0
563
336
0
0
351
151
2524
653
192
0
0
0
587
4409
3865
168
0
176
0
220
0
459
713
527
166
525
0
0
339
525
156
0
0
314
176
14272
0
524
318
0
388
112470
214
10441
0
180
566
0
4629
0
0
0
0
36535
296
234
17270
0
1868
356
0
1253
0
463
193
0
172
429
0
269
169
373
430
404
1093
0
636
0
286
545
0
4482
0
321
129
60828
536
282
339
497
2752
1269
1200
0
0
0
193
294
18074
46001
350
786
1382
0
465
281
0
18195
371
284
220
0
0
0
2312
1889461
0
318
9511
262
502
188
373
201
196
1445
0
92724
186
1577
0
0
35162
8997
0
644
183
717
0
207
0
415
0
0
0
0
0
212
306
0
3798
168
0
47356
0
0
333
687
202
0
0
0
0
663
0
0
198
388
0
530
0
0
0
3988
0
240
273
134
0
205
507
632
0
635
179
1330
340
161476
254
0
176
33387
321
2238
585
346
703
2013
187
253
14758
0
1315
293
4049
0
0
487
0
29101
178
322
202
0
36868
273
706
152762
203
0
306
146
251
110479
21048
163
15154
381
0
0
341
530
21623
44547
1936
302
309
452
0
333
131452
19788
0
0
219
322
0
447
412
50636
570
0
315
156
459
0
223
0
0
348
0
0
0
340438
62918
26910
8977
453
0
0
436
0
0
432
195
0
293
253
63476
0
43641
220
400
370
331
0
0
606
0
0
0
0
838
1281990
217
255
384
241
400
289
0
189
733
424
0
167
362
0
29818
188664
241
439
3839
0
304
0
132
131
294
503
0
305
0
0
709
9919
181
0
250
0
13118
0
488
0
0
430
177
0
9640
215
200
903
1063
0
0
0
0
574
182
162
0
29681
0
0
1027
691
0
1294
952929
0
421
0
108755
667
0
0
1395
253
400
510
371
0
13838
209
0
0
377
0
398
0
2178
0
421
0
291
6269
510
562
179
0
409
0
579
0
444
302
0
128
0
422
286
154
0
0
0
68423
0
0
0
249
132
0
0
0
235
316
460
359
485
430
0
336
0
158
0
177
0
33975
181
0
225
0
201
0
0
972
605
5630
351
340
43541
1474
193
335
295
270
360
187
246
0
0
124
0
533
0
0
31405
213
167
299
203
294
683
1250
255
127
1372
0
244
0
0
0
189
370
0
0
249
155
58587
0
148282
295
220
244
107
270
373
25733
0
2977
696
0
53564
395661
308
979
0
0
9067
564
175
620
293
186
342
0
0
0
317
184
589
210
241
96421
15223
48219
0
370
0
0
137
241
3562
142
192
11510
0
242
1862
379
0
258
0
0
182
1200
349
561
157
441
56273
1479
0
0
455
644
0
0
0
0
378
339
0
50874
1128
0
194
410
219
0
173
450
197
0
0
2130
324
0
140
264
204
0
135
254
0
0
0
228
0
390
269
238
542
0
587
1184
1281
0
237
262
334
334
0
909
0
3882
788
0
0
494
355
210
0
0
321
0
6466
0
339
0
0
126472
0
0
707
285
25919
344
38543
35778
5668
0
185
0
20475
143
0
275
0
362
0
0
9332
344173
479
684
0
0
399
325
599
0
4087
182
448
579
17607
246
315
174
0
312
164
0
0
121
211
0
0
429
0
452
11171
0
0
440
0
163
19108
129116
7388
0
0
0
302
0
932
516
0
0
0
310
306
8802
185119
243
0
429
0
0
0
0
0
5181
0
301
774
0
286
180
0
0
0
1092
14040
1865
461
26526
293
170
0
173
0
0
54694
376
0
0
0
411
131
143
211
8348
0
2980
234
203
0
2476805
311
0
0
232
307
193
120646
195
442
42471
200777
297
20717
10750
0
0
81302
170
502
0
277
158
0
174
0
50070
283731
21546
0
311
340
0
40223
0
0
121
229
152
717
113082
0
256
544
84129
389
4662
0
270
0
996
341
0
1890
102637
0
0
338
12110
7033
246
0
221
158
352
0
533
9690
0
236
353
328
204
273
0
0
408
563
0
0
646
0
521
1304
0
440
755
0
0
340
841
168
0
0
0
426
0
516
498
0
0
473
0
189
122
0
211
0
347
201
344
36619
0
0
476
0
157
372
276
471
758
480
194
505
472
5692
694
0
0
20590
178
740
0
0
420
154
429
0
361
248
21743
257
2759105
220
514
0
0
0
542
404
1539
0
0
0
0
285
0
416819
155
1348100
359
673
16837
173
0
6342
162
0
497
0
166
5879
316
0
682
0
0
2631
571
162
427
0
539
0
240
236
0
0
0
405
254
0
0
0
198
135
327
0
184
268
0
0
215
458
14740
6467
0
225
158
0
0
707
0
0
164
8727
91680
166
8134
121146
325
166
186
272
40762
0
336
200
0
301
6595
6503
0
0
329
0
262
91
0
0
0
5528
339
0
50709
0
341
31149
80677
437
0
0
390
936
0
154
325
155
434
0
0
0
0
0
1102793
0
364
0
58924
323
0
0
0
0
6287
0
631
714
261601
511
252
0
0
0
0
1134
621
6008
217
402
1476
0
0
0
318
421
715
0
780
401
184
0
2477
0
244
1095
163
0
258
279
0
236
14563
160
6879
0
27523
0
0
101703
0
174
128
0
200
237
0
0
0
454
189
0
63297
439
567
184
0
238
28465
0
323
0
3251
155
0
0
368
412
1193
37878
0
907
0
3907
161
183
512
118
145
107
801
2246
0
0
1984
181
356
0
196
0
0
0
11471
0
0
35539
0
117
29148
187
322
4667
111
0
0
0
45204
0
427
0
0
0
5712
0
0
257
188
0
341
2105
295
0
0
0
120
189
0
7120
475
286
0
152241
6223
0
29061
1682
0
21943
172
216
0
531
2662
0
0
0
0
596
0
0
536
1608
0
280
0
0
13646
0
0
0
22021
0
296
217
15072
0
0
0
0
170
0
5763
259
0
211614
0
0
378
0
267
0
4473
0
481
182
0
329
0
0
1132
0
207
280
0
656
416
444
163
0
57170
0
37413
0
393
220
249
0
0
0
1059
0
1349494
256
0
74626
10708
0
0
283
0
0
0
2459
0
226231
184
0
575
0
0
59180
14258
176
0
338
0
0
0
0
96162
0
6888
355
79441
0
0
0
0
0
19656
10301
132
454
385
0
384
366
0
192
463
492
119
244
531
0
318
0
172
324
241
700
0
0
196
0
0
658
0
479
0
362
900
423
0
0
190
0
913
45965
428
679
68774
292
610
543
176
255
534
0
0
0
0
0
0
746
315
0
128
0
0
0
7930
157
0
6051
0
0
144
2686
55147
208
535
0
0
1601
269
0
0
371
201
0
198
14111
0
161
0
22324
348
0
422
291
0
616
0
0
375
0
545
0
189
0
186
0
210
472
0
200
0
0
169
187
0
92
44160
1666
125
184
82576
0
22513
187
326
0
0
0
0
0
0
168
0
0
661
746
366
375
0
0
2255
160
0
0
7429
377
0
0
540
372
24327
129438
0
0
167
134841
0
118
153
0
365
1516
0
156
0
0
0
17843
0
248
1504
293080
522
0
0
224
120
166
97355
416
0
370
0
0
496
0
145
232
0
0
0
43297
0
259
0
0
0
460
125189
325
0
2260
0
445
217
0
2728
0
547
294
0
22364
0
60352
0
233
207
365
49648
0
400
0
421
167
0
354
183
24357
0
0
0
235310
0
291
0
0
0
419
0
0
571
192
185
603
264
0
370
71294
0
166
537
56080
249
0
17934
0
174
195
0
17372
0
0
482
0
0
368
860
325
4556
0
207
0
4633
331
0
0
244
0
0
344
1138
154
0
376
0
181
0
188
0
363
0
0
0
0
429
0
0
0
176
0
0
826
131
967
6327
267
286
196
378
360
46031
0
325
346
217
0
0
0
0
0
462
521
248
186
186
321
498
186
702
0
0
16151
0
8929
414
158
176
0
165
0
0
114040
0
1197
10683
0
418
4991
3494
194
148
0
5923
0
195
144
235
333
0
602
3733
275
188
0
118333
0
0
250
261
3338
142
32007
0
313
110279
294
0
0
0
189
0
212
496
0
11657
0
0
408
10121
0
657
0
1751
257
204
367
45130
177
0
0
6417
173
134
222
927
0
4681
853
13772
0
102
22074
0
0
0
35619
41647
569
0
669
243423
6238
331
154
174
0
0
0
342
0
0
0
0
1206
359
0
353
28328
0
0
409
359
0
0
300
22713
4038
0
567
135
39605
549
0
420
439
144350
169
0
317
0
424
0
259
231
411
581
242941
425
0
0
159136
394
368
415
0
253
61456
37719
502
576
363
0
0
0
461
623
543
31241
0
337
522
0
0
0
0
0
0
42284
410
0
271
197
52752
0
295
16381
10600
6148
362
282
0
216
363
0
41083
243
0
0
188
0
229599
979
80817
160
0
0
211
0
498
498
56429
0
288
204
0
587
884
165
177
0
360
0
433
18540
250
0
0
122
0
0
11013
315
282
262
264
179
2512120
0
0
0
349
0
4577
157
92993
264
1048
0
2563
406
0
815
107931
0
335
211
185
472
0
460
248
321224
403
272
0
973
173
3618
0
155
161
186
401
0
222
21078
267
451
0
210
0
203
7239
174
0
342
0
0
158
214
0
1360
146
328
262
0
0
0
0
0
1315
158
23449
0
5258
0
270
1694
556
364
644
570
490
192
0
258
164
0
0
0
400
5706
2346
0
1101
379
8378
0
13788
0
0
1757
158
2345
19200
0
2353
731
2089
212
2057
859
26318
178
342
0
0
0
0
311962
0
173
208
0
0
198
19016
302
344
0
0
199
602
281
205
0
0
407
0
314
117426
0
474
0
109
0
0
7713
56338
0
159
184
239
0
0
166
814
0
0
153
169565
0
124
177
124
37307
208
344
0
114
1467
448
0
152
15125
0
228
0
22523
1016
3005
347
0
176257
0
163
0
0
1183
709
0
0
18230
370
321466
230
57681
194
205
0
418
0
0
0
298
365
211
49744
0
178
570
195
0
0
321
0
236
385
0
353
751
0
411
0
354
26676
122
27982
120
0
284
0
0
0
0
310
173
0
429
303
0
13976
0
474
13877
0
254
408
671
184
0
0
0
287
5658
0
0
40329
457
0
1075
250
575
2128
52414
157
13205
127
330
485
329
8423
125357
0
0
0
24783
471
366
0
1402
205
0
1078
0
0
0
220
0
1047
0
0
0
4580
1054
0
196
0
101297
0
362
2466
204
0
178
0
0
126
0
351
0
325
75039
0
519
0
0
231
251
159
5894
0
169
33155
0
419
189
544
0
0
0
0
0
0
556
0
0
839
372
0
209
223
408
178
668
0
285
364
0
98313
640
343
1060
336
0
555
357
184
5973
0
642
439
2545
266
0
272
421
1096
794
0
153
321
1537
694
0
324
121
444
429
0
0
75977
5483
0
0
0
204
0
350
0
311
0
0
372
1841
388
335
0
9434
158
182
49550
644
0
27801
0
468
0
20431
627
1187
300
138
251
0
10611
28270
0
368
490
200
314
830
370
0
67252
0
6039
159
406
0
11917
984
0
0
8009
336548
0
2059
0
251
176
0
0
0
1250
0
0
0
612
152
11114
0
0
330
0
393
0
152
61530
0
207
156435
203
196
6556
0
199262
686
608
0
173
26217
0
8634
0
0
196
0
0
0
319
396
346
11212
0
0
344
398
310
321
630
239
3104
675
0
0
715
0
10039
243
151877
850
201
0
0
0
1103
258
2865
0
241
402
424
655
0
0
238
559
568
0
426
260
0
180
370
0
356
0
0
152
240
0
182
14150
0
286
0
1157
0
248
11273
1131
59881
0
0
238
2948
66357
574
236
118546
0
202
0
150340
134223
0
432
0
546
397
199
579
48720
1705
26438
0
239
0
156659
153
0
7597
59124
32802
166
175
756
261
128795
169043
312
0
66816
5031
356
386
1154
0
2316
0
0
0
17251
0
179
0
365
1313
201
0
20314
165
163
360
0
0
211
203
180
0
0
0
0
1353
0
0
0
0
0
0
337
0
1901
0
0
267
0
1013
0
513
0
486
6208
200647
0
0
0
260
0
3483
41865
161
349
318
463
117
86261
0
305
3341
0
300
189
0
90283
51455
0
0
2499
0
0
421
143898
3105
0
363
0
0
0
638
371
217
0
184
5723
35951
0
27137
0
0
0
0
0
0
15665
0
16719
0
49464
582
0
0
191
414
27588
184
310
37182
211
0
0
0
5055
113482
44204
286
574
0
0
45716
1101
474
2665
87093
0
0
0
16067
119
0
180
364
0
19140
11130
375
5984
0
657
137
0
574
0
159
11248
216
205
202
0
183
1244
0
538
45896
0
360
0
3585
0
0
0
0
0
318
0
11254
0
428
465
31587
352
443046
0
0
1075
174784
0
49759
3048
0
201
238
370
0
42697
365
170
38116
211470
3181
0
1539
179
0
172
251
0
0
0
643
119019
1304
185
250
2568
0
164
828
183
0
0
0
0
30784
146
169
273
54009
123
456
0
292
3552
559
0
7811
273
184
169
0
26012
249
0
428
0
0
395
84068
349
184545
156013
0
0
29774
1486
0
0
389
405
399
0
183
8644
350
0
44546
0
0
396
1902
587
0
706
515
263
0
1788
309
174
0
319401
297
327
378
0
23566
18322
0
0
10746
288
0
141
0
335
231
0
397
0
8451
774
160
0
0
147
503
275
442
0
0
0
0
0
18455
0
483
0
22033
866
391
0
0
0
26822
496
0
590
0
343
0
0
0
197
0
0
0
46404
0
0
0
320
0
407
0
319
0
172313
10406
598
0
0
0
343
0
319
216
0
477
0
275
319
393
392
432
313
228
0
0
364
432
15589
1088
0
422240
0
382
0
221
493
277
366
308
210
0
0
613
167
195
0
247
67627
0
349
0
31894
222
1582
161
92
27964
523
172
289
0
0
0
46234
0
1519
344
26753
7961
24744
305
0
317
374
215
0
484
0
762
278
0
126174
275
1239
569
0
0
241
303
0
103247
2858
1339
0
0
1008
0
645
365
2801
364
1714
334
0
0
0
1812
1676
143
0
0
300
147
0
439
0
342
469
184
398
4712
503194
0
0
203
557
0
0
0
120
0
366
138
0
1228
0
442
0
40732
0
436
0
321
0
648
0
0
0
0
14666
207
56474
0
278
0
0
41698
305
222
0
58808
1631
591
372
45549
299
22270
0
366
227
0
0
466
0
185
375
36137
808
303
0
147
214
401
239
0
24366
5072
955
0
314
21160
0
22110
12331
391
10700
0
0
0
0
8420
12539
192
7465
0
285
0
12705
378
667
0
0
335
311
0
418
246
372
170
585
255
440
15031
673
0
1298
425
122
0
0
322
229
373
333
0
386
264
0
0
257
117
0
322
0
288
0
0
1317
7361
1344
56195
0
39531
249
364
469
545
23147
357
0
32541
13778
36320
521
6101
0
232
46824
0
0
0
829
453
89398
160
1325
5569
261
0
4873
18683
15094
222
255
567
0
14512
0
12117
0
69834
13410
0
324
499
344
349
0
551
0
19297
9363
17064
138394
1645
346
0
0
0
519
588
378
0
260
26952
228
38080
367
2500
578
0
0
2721
59429
464
135
53679
0
147
414
0
8349
201
133
223
225
0
0
190
27900
153
529
0
2559
169
187
6030
328
430
1054
2023
351
0
0
828
246
0
179
0
2067
291
0
323
350
74607
0
404
0
0
261
715
0
142
509
530
404
10503
301
159
227
0
171
0
0
485
86282
440
0
0
0
0
166
511
473
271
48021
11651
202
0
257
22250
243
4211
889
0
0
353
0
225
9172
0
1721
383
0
5330
0
192
409
0
0
0
818
0
712
113733
0
0
409
0
0
1853
23870
0
1040
1477
0
2224
2800
368
406
618
346
8965
92070
0
0
0
7209
0
0
2764
0
6907
0
390
0
0
0
649
296
0
16548
275
462
71805
354
304
0
0
797
0
6495
0
0
0
409
19969
0
4412
0
0
11172
247
230
148
0
0
48352
26174
119845
427
505
0
503
829
0
419
199
378
0
97899
98188
0
0
0
11747
215
0
182
0
200
0
2418
176811
277
0
66502
99422
0
0
0
267
917
19287
195
12365
343
247
0
0
0
2401
0
0
0
0
379
235
132
20013
356
0
0
7611
257
0
8847
341
11201
483
0
13571
1237
832
439
0
985
514
433
217
0
0
803
249
0
0
0
0
412
826
0
0
0
312
1692
0
299
559
14694
18474
386
0
486
0
0
342
0
45733
230
1771
10702
72651
0
355
0
0
438
2189
34004
226
0
119
0
180
380
338
0
38644
0
0
653
0
714
34701
199
2993
80480
0
716
189
651
929
318
445
636
517
0
0
729
0
408
107721
0
643
267
437
9657
450
421
2933
1224
0
0
413
539
174
0
0
191
0
104940
0
0
0
611
115559
1399
551
0
500
0
6477
5507
0
669
432
0
9380
313
12839
253
0
368
439
0
185
421
0
0
195386
16105
0
1377
363
0
338
124
172
660
0
267
0
176
290
17954
641
6911
0
311
838
99030
18885
0
0
0
303
259
543
0
382
0
377
0
59878
0
238
792
22046
96810
901
0
427
352
0
0
4865
0
389
785
589
51126
19150
0
353
347
447
466
0
0
256
253
879
0
0
380
12379
0
39776
8751
10199
261
0
0
60242
333
0
259
33935
0
0
0
0
502
0
0
0
163
196
311
475
131
759
2277
0
169
90235
100
105
0
146
299
590
458
196
349
162
0
0
0
0
203
0
503
169
405
0
257
0
0
0
42822
8532
69640
131
2034
0
1840
873
0
0
786
0
517
5624
714
2131
4158
0
6817
7313
4958
990
0
438
445
353
15638
0
584
163
0
0
0
0
0
0
363
0
451
154
23777
33093
382
288
625
199849
204
200
203
0
10367
0
653
34123
208
0
230
2878
0
11746
983
345
271
0
462
308
145
0
0
3252
222
973
384
0
392
1029
0
0
310
27765
358
118
892
21225
0
0
1463
176
1148
321
209870
453
0
233
0
202
475
0
0
174
502
187
314
661
0
425
151
22792
0
133
153
0
638
0
4086
28223
380
338
0
454
398
220
34609
0
0
163
1350
0
356
2289
365
268
0
167
154
11390
0
703
0
46508
716
305
23050
0
7211
0
0
253
2821
260
0
0
0
0
0
0
427
25324
44885
3530
17599
3985
241
241
474
82551
342
0
263
827781
32931
55370
13231
18028
0
361
429
12485
56727
0
411
165
397
3708
325
6473
4763
3124
0
271
1679
430
365
0
32437
7992
13441
301
1990
0
0
1230
196
0
0
613
6013
0
0
269
0
0
317
0
159
0
754
0
0
255
336
173
230
0
6512
77942
110
452
18856
5995
0
207230
0
1425
0
94
231
0
48358
58120
6965
0
0
0
381
0
2884
65849
342
308
279
1843
0
0
200
2742
0
35151
8553
36164
0
0
0
1141
871
19212
228
425
131823
0
26958
16510
0
0
0
7108
189
8671
712
0
375
0
395
288
0
0
169
0
4636
0
12188
110707
485
0
1172
334
0
150
0
0
233
668
0
0
3460
0
0
198
0
20691
9173
4788
0
0
0
0
0
122
245
2678
12367
444
325
72924
280
144663
290
209291
0
1061
279
510
0
16664
38569
327
0
223
352
1976
148
279
0
0
380
364
69448
0
504
336
0
163
0
307
0
0
270
423
15397
89195
603
350
0
0
0
0
470
0
131
0
0
1221
258
45176
0
0
0
57166
2006
0
462
0
0
0
233
0
10508
0
207813
0
0
0
227322
496
0
0
0
294
34358
547
0
1024
0
0
0
1537
0
292
284
355
0
6363
0
382
0
0
0
0
150
500
0
276
227
542
0
0
154622
587
241
9711
0
15988
570
0
269
1098
456
314
23617
0
539
0
431
187
0
316
0
0
0
179
9012
263
4557
0
175334
556
0
0
148
167
0
866
427
706
0
0
409
427
2717
250
0
133
0
0
0
23997
223
0
406
1010
452
443
0
346
0
0
0
302
0
0
0
703
3441
4940
183
193737
328
0
0
0
297
324
0
373738
454
1087
0
0
32780
267
324
0
368
1016
0
0
186
0
160048
2727
199
370
442
53866
0
0
0
0
0
0
371
674
454
504
0
0
0
246
576
1625
171
406
0
154
179
254
34696
4504
0
497
193
186
123
0
292
479
2861
0
0
203
333
0
32186
434
34118
0
2094
0
21490
3616
328
23281
3983
247
0
0
3146
662
0
1318
24980
181
321
292
3011
0
413
173
189
0
0
0
0
0
89161
0
0
0
554
291
0
257
294
261
78734
331
27413
585
0
0
6208
96460
1821
0
11742
424
1151
3772
0
337
0
55190
0
12043
35211
0
0
121
0
371
958
295
3967
0
11624
229
183
160162
315
0
23908
122964
82345
131
163
594
0
297
0
320
0
220
16186
1666
0
0
612
120049
18314
174
538
620
0
67540
3789
158
233
0
0
315
541
427
318
0
818
411
579
243
10801
267
9052
17265
241738
0
15053
385
389258
0
0
0
0
10931
1025
158
433
533
0
0
0
338
0
480
678
261
0
0
0
271
860
0
0
0
690
362
0
0
15902
224
0
167
182
4490
0
0
373
0
177
162
0
0
306
0
481
45910
293
0
2281
273
0
0
0
0
121488
0
230
307
419
249
0
264
168
81744
303
202
490
0
115
48684
353
106763
485
0
0
0
11987
705
0
0
128
269
0
148
0
768
0
544
8758
0
0
0
3584
38908
43719
348
195
0
0
0
311
0
0
356
0
8459
459
0
13288
0
0
8340
445
301
0
366
60876
0
3129
415
0
0
389
0
267
763
9539
0
354
160987
406
227
0
267
313
0
0
0
1045
117
7840
299
0
83363
0
585
14425
0
1059
170
331
280
3429
0
0
368
187
8988
0
1096
259
378
397
378
17584
434
0
0
0
201
276
177
278
0
385
63194
546
181
321
0
5045
0
0
31367
1959
0
0
0
669
327
455
229
0
198
0
339
289
212
144
2622
0
7045
0
0
0
505
186
352
33942
265
321
195
0
2759
346
65116
0
329
303
7929
0
177
0
30796
31164
273
154228
254
5626
0
315
382
19919
358
38062
196
0
794
4081
0
0
258
0
626
41197
733
1235
0
0
286
0
183
354
608
0
176
2436
0
171
2058
10871
232
0
0
408
27087
0
0
315
89577
430
218
0
237
0
1548
0
396
1551
570
0
0
154
7528
0
0
548
0
18453
177
1475
214
0
4019
855
605
0
111822
0
6681
0
228
341
0
0
564
317
441
808
21370
192
184
322
652
0
0
0
0
402
0
0
203
317
306
506
0
305
213
326
0
0
291
335
0
509
0
0
0
259
0
123
23931
0
0
180892
30842
1197
0
311
0
342
187
111500
124
0
293
0
1123
233
0
414
505
18976
200
5011
0
339
215
1660
0
308614
127
392
0
0
263
0
37298
2447
185
10028
183
114357
306
0
0
330
0
1030
0
0
70406
0
311
2960
0
125374
0
282
0
0
0
154
237
0
0
661
380
186
345
0
0
1072
0
154955
0
19886
2119
12025
535
2507
2328
0
163
0
424
601
328
835
0
161
72269
1505
0
492
3936
0
0
387
879
215832
0
308
0
920
54874
0
0
700
439
744
317
343
0
0
0
473
0
0
365
0
252
364
35361
285
1810
0
0
246
0
16548
275
0
456
2184
0
0
305
379
48179
0
0
0
7992
69512
409
0
2694
0
354
45876
0
0
210783
0
732
168
0
0
492
48819
181
240
0
315
0
641
0
3301
0
0
0
620
248
0
0
444
175
0
0
0
18736
285
699
0
0
0
166
537
0
446
0
0
385
0
0
1362
0
25778
199
572
0
0
0
0
0
2693
471
205
0
347
1488
375
0
324
11396
0
0
83270
341
660
1549
34345
0
311
345
0
146
898
458
977
54079
477
0
699
366
0
0
70689
235
0
7884
1607
430
428
69173
194
433
276
0
99641
981
4445
0
415
308
0
583
4007
291
0
0
463
0
0
804
41954
633
15257
456
0
221
5912
0
0
0
1449
152
152179
0
14570
186376
587
0
0
0
6083
171258
603
0
356
199
593
0
0
345
25684
0
343
173
0
9909
242
43251
8771
0
0
1328
232
169981
388
642
0
270
181
454
0
0
237
0
0
554
0
715
368
0
473
0
0
0
301
0
36222
972
0
65071
0
0
47943
419
336
0
2377
0
276
13683
128
0
0
386
357
412
254
391
11313
212
603
449
0
0
12470
26185
0
407
7211
0
1010
96637
1058
253
0
590
308
15372
201
412
445
563
0
0
280
0
0
35721
290
405
508
476
0
0
735
391
1904
19534
455
207
2972
1780
242
0
16148
378
97547
9124
812
314
0
0
379
0
274
0
455
172
11053
174
198129
69019
1418
40674
196
95647
231
272
0
0
338
0
0
2660
0
0
479
113813
117
3058
682
0
0
59453
0
186
1717
0
0
122
370
0
0
0
350
237
377
0
6455
0
125
170
385
232
635
763
309
21017
294
0
19580
49742
487
303
0
0
0
413
374
1201
363
0
0
879
122
0
0
317
0
171
1314
576
0
171489
0
0
320
156039
0
471
0
11329
12026
0
0
375
1200
0
0
315
33442
0
1939
363
752
337
794
15524
358
414
326
711
0
504
398
338
0
3020
8069
0
0
2044
0
413
0
34756
21419
0
0
174941
520
0
56310
24417
0
405
460
437
0
0
0
0
186
0
310
0
603
3855
23192
816
1151
0
598
4655
1368
0
0
204
1135
367
0
253
527
89405
0
0
1470
280
5054
287
0
0
0
0
0
0
304
0
158
0
0
359
232
0
365
320
325
0
282
572
421
25280
0
0
84006
0
3645
293379
0
258
9554
0
125324
2757
322
0
0
0
0
0
0
25853
0
4049
291
0
2152
19071
0
271
0
440
8048
522
0
0
328
785
187228
1152
507
0
497
9715
189
1039
0
29952
151
0
0
0
0
0
7432
0
656
188
0
314
0
0
18106
0
206
0
0
552
0
221
494
471
0
0
651
4994
0
284
6779
118
0
10027
0
163
210
8495
0
479
286
0
180
425
0
1160
0
0
5852
9051
279
372
0
0
422
15872
0
300
8476
264
0
29933
40043
667
286
0
211
0
274
102540
0
0
2219
8879
323
7848
274
0
50881
6251
975
477
0
0
0
421
44289
284
6662
181
0
0
334
0
23896
273
189
964
36094
0
0
698
4631
283913
2566
313032
0
0
5194
0
0
284
0
0
0
560
590
15563
0
15643
0
431
0
403
0
0
0
0
349
192
0
0
711
33076
393
22558
0
444
366
323
0
335
0
582
2790
0
250
21122
0
204
323
1186
0
0
36222
6974
69203
0
0
0
0
0
606
15459
0
0
0
497
7070
1506
549
0
216
303
2315
424
0
0
339
37996
0
379
552
4141
5612
45303
1736
42611
1434
442
355
0
370
0
130
0
10502
760
367
15301
0
0
0
387
8127
0
1724
4596
170
6934
46576
0
3171
0
0
0
704
0
0
0
450
0
293
3220
0
12524
0
0
4125
381
11450
0
0
47898
0
413
813
0
22965
365
0
133
10935
0
295
0
225
312
0
0
2742
974
6265
0
295
235
0
0
0
558
557
23404
207
0
0
261
0
0
0
248
305
0
0
19800
15703
11831
311
0
10969
129
321
0
288
44072
379
76909
426
16205
556
0
0
2233
0
52841
401
399
0
0
0
0
0
0
388
1762
0
0
0
369
5832
14889
129457
821
277251
14821
1355
0
131
0
248
173
409
1352
219
639
0
339
637
0
360
0
0
0
221
466701
662
0
913
414
248
41624
295
493
0
1161
173
404
0
515
0
0
11867
1671
70692
271263
230
0
0
1355
507
0
875
5094
289
371
0
0
6256
0
537
0
364
0
194
254
197
6066
25198
802
79907
0
468
47219
324
23928
2959
0
0
9895
0
641
2395
243
199
1011
1611
0
1657
11797
8816
0
475
0
120234
64205
322
341
557
0
8922
0
0
186
0
412
0
72039
12036
315
255
0
0
321
0
183
0
333
344
0
410
127
121
12762
20734
0
0
223
15387
8176
770
149458
114135
729
0
268
0
8199
44303
0
8996
102
139655
1840
561
19840
15471
92146
0
0
0
2247
0
209
218
0
0
0
0
385
414
456
0
266
9637
221
21174
172
277
401
211
397
58372
4691
1493
6541
358
374
37686
0
0
0
700
279
0
2146
196
0
742
0
146682
0
1079
0
0
50538
246229
184
43995
0
304
145959
609
0
2188
1043
1151
196
0
0
6512
0
178708
446
66731
97301
0
0
1128
94604
0
0
25655
345
122
0
340
404
0
0
23635
0
0
59902
67443
519
2772
0
0
338
385
0
0
164
495
290
368
213
15042
0
268
1321
180
543
1608
0
13758
0
0
494
429
350
0
0
302
565
382
0
0
684
167
348
216
3343
570975
0
527
454
356
0
489
0
0
477
0
185
1363
70578
0
303
0
731
15373
11183
3638
117
0
89885
255
0
187
0
22455
104761
595135
0
0
119
0
376
0
52699
0
0
28586
0
152
0
0
259990
1324
243
2281
409
0
298
263
556
0
512
15661
275
0
0
360
237
289
0
1236
0
0
0
301
4399
1747
191
558
342
0
501
0
0
59422
261
15380
0
2269
0
1928
0
0
39949
245
351
872
41686
295
278
289
710
0
0
1244
676
1520
57547
0
0
0
1502
540
0
0
3288
0
0
204
0
0
402
0
689
1402
300
0
0
374
0
821
0
0
407
0
514
406
0
396
474
178
816
0
0
369481
398
0
324
414
457
226
0
564
0
256190
0
116
0
1144
0
1857
0
177
426
253
0
272
25927
67664
1376
21386
39018
0
36356
0
6965
181
2476
0
0
419
0
0
9069
566
11388
0
333
216
331
184623
271
162
0
21245
0
0
0
1996
601
15902
0
516
2952
227
248
0
0
0
0
5276
21525
283
419
49769
40617
576
238034
14335
10800
938
0
19904
392
2282
14736
0
0
0
10587
255
6680
0
1243
0
0
527
0
0
35908
292
953
332
150
5432
241
323
366
29472
244
326
273
272
0
0
99111
6744
163
3094
291
349
86466
4598
344
1117
0
1852
814
109294
240
0
0
875
402
172
0
74705
390
370
228
119
0
0
703
289
364
406
709
0
0
0
0
660
0
0
0
0
501
1417
614
411
571
4532
26222
0
0
13771
0
342
0
0
0
702
993
321
0
275
245
31228
235
352
0
0
460
12191
0
1934
23750
0
18036
0
0
350
336
180
300
168
108037
369
0
228191
0
403359
347
0
348
0
346
0
0
364
0
528
488
0
10247
0
0
328
0
336
604
489
392
0
603
6165
1068
612
1245
0
0
401
0
0
918
0
0
0
0
1146
93458
0
127520
188
59923
0
1125
0
315
0
130789
307
323
0
0
0
0
42786
270
258
0
0
0
640247
0
10210
0
789
16124
362
1091
0
51908
156
8101
0
88270
0
