0
308987
920623
415177
229914
939533
1133544
1027334
437006
626768
297794
314279
590663
969490
335393
403705
1278924
425647
1063789
329639
673794
265133
583347
678459
975462
557546
887531
653823
244260
321
636304
841179
699236
539437
243671
432074
314811
508768
602551
1014788
369800
528523
576536
698402
768100
712007
488960
565113
958531
360
887116
201443
546518
600427
398284
696367
489914
774010
670995
903601
558194
423517
807574
871105
489669
558526
566239
1061473
809303
618821
224621
603053
299191
394782
866361
263512
208846
1111059
848522
418934
599092
511294
178184
574815
682700
549375
375800
254459
554309
219953
205235
477378
187044
646359
294397
785724
594672
349012
378197
628787
890448
693610
568744
656556
336205
311319
643738
565399
341120
547018
714061
848996
579965
1175598
148161
756366
846436
693776
766750
539636
495730
755061
445692
1233625
768464
794216
422313
674587
1287541
494959
900905
420424
578225
119970
811350
550102
395673
1050122
415594
889713
329735
376607
736178
501886
598563
114674
404806
227570
1251720
11304
387708
845542
817681
624499
495072
563947
262385
523516
2942860
279747
686201
778722
836112
587665
501762
937925
633847
1193234
552650
504731
514242
456033
523473
474452
1378054
639085
778234
277413
802628
1081179
393721
110209
255606
690869
980393
351665
528365
1018022
176328
734393
805633
679905
1133150
201085
353143
723215
256613
1132626
649002
653232
571254
845765
1020945
527411
795448
849700
1180656
844988
215465
1344902
539220
1150326
810615
272179
917674
789430
730269
451590
964684
822972
450379
823073
655944
643487
650080
645666
609582
419113
455332
587693
1038744
658680
589319
930933
529530
949479
774524
852929
472712
1040582
792757
782908
1713679
665280
541041
259336
555947
513844
338868
677778
754906
1164086
904439
662587
824293
2483
540795
754033
964361
1685855
105530
303067
526440
456287
539732
226951
728985
617282
1550770
859955
934823
742296
673960
615913
626111
2842681
390554
1184349
452955
803837
583775
348385
488170
1033295
259057
295772
946089
1010774
687680
1078001
2129287
432628
1221281
1183917
540553
593189
712204
2840839
976062
827681
644324
916275
2229548
328039
723558
393070
443991
475923
1963898
751530
476697
1453856
500800
1268381
698708
2711052
973025
853884
754627
1550832
1044273
1624467
490612
1344158
1086782
594872
926410
1475296
1169296
865861
360741
503121
643629
1043667
940756
985352
704092
585335
463480
706397
396273
822683
1254281
757471
753962
745286
641999
2080662
1058106
609587
847494
718381
598163
1363613
427815
1780639
430798
1655575
792980
826977
1082040
1723100
877618
217637
880119
930321
614744
743577
713145
339852
1643804
674455
1765493
1095394
664813
1237995
699205
945972
2948480
1436284
546915
643295
926133
291798
1003689
820385
1618895
834960
726260
746702
403722
2713247
2631003
704013
657359
432047
1133736
1471986
1289021
886424
613656
1188169
331203
697327
717341
1603419
1107997
903392
333356
554620
616360
1282903
791702
1374073
366145
667773
233106
577838
1525604
1945799
548359
754456
672650
1179110
440028
967362
529508
916101
935374
607126
634281
844400
2023984
721551
647564
1419431
1014453
952416
705926
546830
1664858
469133
608690
1250246
774595
598123
601526
836285
677663
845014
673805
604746
818120
472400
682353
837192
744501
1147140
902761
1013423
109078
1046146
2171268
1302005
1295169
1264924
4894359
601979
584542
2376906
885731
411843
941994
846161
330332
440030
780498
876780
1779063
604721
813337
1231116
635822
736012
1054551
668678
714629
913383
1385906
1141583
1976752
1856689
346037
904007
399538
1150843
604218
1070127
1072171
829345
911791
590725
4060110
643197
941750
773851
950675
1459060
1275664
1165672
1069900
870909
1622213
1164487
621057
637303
1012949
1493907
579730
1680374
1527448
1601307
776514
2711064
1970067
611156
898027
1126601
1855541
797652
764077
1002766
2594406
725817
4052131
1412699
1101946
957443
1415858
662620
1683277
1127276
979326
932445
1898343
1310888
1554387
834992
1089875
1179867
1050096
1865296
481155
892556
1013487
1137128
939114
3552657
921064
1043769
907225
648657
1121226
768211
867113
2321112
1562370
1418674
1256401
793265
1094012
1480604
1109333
627288
1075942
1624397
2718664
867827
1757882
925830
344862
868951
1459711
1052976
2013058
1064937
1890563
1887700
735599
921279
717252
1343481
978839
1701724
1025453
1816584
1368718
563725
857838
2214808
3368764
2844741
755705
942406
762483
1328160
638401
1400890
731882
187175
1999242
6225619
838209
909047
2992096
2165860
940324
1075523
1145646
1114384
564794
1288060
393814
941249
3499761
863161
1153363
824876
1065287
724135
901284
828168
1361983
1288213
728013
1536023
764265
324378
1359717
3303150
947985
931677
1328074
1784415
1353846
916116
3622019
944010
1543033
1077293
2304357
776154
3627479
890492
564587
1233620
1040666
809513
1402643
1347661
2564767
1054879
1085134
4164720
798476
710859
1106084
1476667
951082
1879482
1282788
2849577
569880
641208
371473
1227379
1452837
1349163
1562122
2736957
743264
1466761
2714011
2343971
1398242
469246
4261002
472583
1292768
1203276
534042
854414
899161
1122264
1802967
1770899
1185058
1384085
4005460
756554
1152146
1469262
556016
1602382
1766780
6424212
1571749
978729
951526
875773
3006371
1781832
1248056
917634
1096508
1562508
4793302
1163880
3311428
1085706
1139175
1093295
1568620
920766
632681
2515087
1458921
660657
729647
1175037
1781715
5218406
988143
1804708
3818477
646976
465344
1223765
1039550
1337737
757498
1367304
1433828
1933049
1641622
1017746
1027082
1265886
829744
1269055
731780
2081650
1182765
1147471
1106101
371141
620082
1022243
1755743
152394
1309396
909455
1541179
1134238
2182049
730686
1062420
902262
1203630
798985
1184502
1455042
5387121
1606874
1409512
2294705
1169992
1050938
1216411
1302042
1299997
1348364
3544742
975746
910931
1696615
2217393
1281735
768983
2121886
1183288
1158202
3664870
3033307
1414079
1203349
1748114
1882013
2135991
2650123
2219858
3336650
1591149
703911
5217675
581440
1259954
1583299
2238964
1127369
1500962
707882
1173734
1449437
948056
627744
1662463
1362511
1141096
136451
1145606
1138663
1833179
1397272
358421
989754
1489988
1881370
2969410
1091533
901784
1722804
730558
1746742
2186854
996877
1433500
862072
1197218
2581074
8331404
1908979
1042798
790261
1144750
5712383
910346
1360492
1480756
5530636
903009
987010
1399469
899479
992823
1147247
1143636
3083454
2313769
1932595
1105812
2214630
751686
800744
874291
3865115
1152578
2460217
1006163
3119859
1139894
1441382
9037379
1884388
1150586
576848
733092
908023
1722540
1495973
2774781
1015701
1295110
1543354
4500183
767382
5080526
727384
1024986
1112425
2300443
1768005
1138412
1383506
2806501
1111829
3158374
2983449
1711381
1886017
2285860
2927762
1964752
1079442
1777471
3455466
1287776
1820553
2089534
951345
1927939
525033
1456621
1549769
1207032
1711692
1027528
1189998
1421302
1332521
2011338
2051361
1960816
1620156
1352716
3723254
1927015
1036725
1285901
2688965
1778062
1506886
973786
358969
704185
1432981
1744267
3398813
1390639
4366320
2154079
1240823
1057550
973449
6271198
4083151
2462082
2052181
1567028
2612343
1116093
1305157
4896852
514504
1599130
1662937
1024451
1574401
1136709
1503397
7210619
1318153
1459948
1100253
1968173
1830594
2290522
1028477
1482040
1042362
3184660
2852876
974786
1177354
1517096
1786592
1468158
4563374
1125435
904007
1953604
1036953
4705986
2726910
1225428
3654528
752539
1781591
1538015
1927022
977853
4305000
1288610
1179815
1378493
1409223
1882570
1374390
884147
1947976
1473281
732934
2082820
1470546
2142040
815418
2056975
4050687
1578633
1098988
1525573
4017604
917153
1668866
1060562
7035876
1556295
655043
1008341
1431439
943762
469293
1401403
878652
3346408
845999
1243950
878112
1383821
2239888
1714117
2450055
2600515
1323312
1545104
11691142
3500436
869244
8826559
1727500
2458069
972596
1394293
5664626
1002224
941971
760761
1129790
1249547
2673993
1252681
1379588
1802265
3855571
1568281
3375688
5417742
1040819
3850105
4808734
1416589
3607655
1501877
3161949
1241731
4747747
2090153
2131725
407967
2492917
1521621
5860265
11786109
1362930
1419036
1208322
1132817
1253740
7081030
1197438
926012
1555771
1434570
1646629
4503829
1818072
1543774
1511568
1609631
1625337
845681
1980064
2784440
1852498
2106964
1618918
2187759
3197562
1308759
1259914
4269748
5742360
1615762
1181198
1392577
1334557
1960842
1504533
5518067
2183959
1861753
2087511
2213131
2620078
4032445
2589280
2168942
1461997
3708137
1233677
1077670
9705984
1034079
2939706
2519502
1350839
1148602
1368019
3820014
3944588
2371130
1286999
2040670
2441701
5855151
1218171
4552134
1903435
1383213
1783194
2998389
3170911
692346
1109763
804714
1243525
1205928
2115308
1867327
1193998
2692638
1429745
1593049
3191804
637276
1686368
1604156
1681445
2546847
6126574
1231340
1106626
1202705
885964
1388975
1636102
1400732
3581536
3969810
1708123
2240094
5694486
3601756
1540062
893829
1983874
4964652
2133191
958543
2629010
1345227
1134494
1738491
704464
3420102
6755684
1579420
2511023
1388058
1576182
4207408
2536286
901855
2999413
1660022
1576826
2350787
1773013
3855539
1900772
1987175
1788205
1135289
2974870
4588194
1136686
852865
2600009
1644289
1198696
1886830
1961861
3029441
4186046
948377
2103934
4862691
3121851
2546248
888158
1339344
5170900
1347441
4357089
4027372
1727849
1571467
2703439
1138924
997145
2154742
625142
1544700
1972320
1811325
1190747
1468218
1634768
1490370
2407781
2286728
1851468
979537
4474438
3114165
1251492
6350161
1641111
1087659
1835264
3076301
1159186
1917472
2935792
1361774
1905518
821427
1820479
2954929
5296335
1379614
1636036
2104594
1687261
1545673
2338079
2248544
3467121
9851034
2842067
2330202
4360961
1370300
2292716
1613597
874779
2313004
2252111
2380921
3086597
1650633
1607338
2318878
6573199
917625
1779094
913213
1381999
1547253
1740735
2438411
4211296
3868580
781543
1260551
2320285
1223432
3312221
2232456
1284310
1504467
1007468
1518614
782791
2451501
1874041
1411879
824972
4865382
1902380
1978007
1900096
1055895
1219189
1793533
1268571
1624413
1851939
3242566
2109192
1580941
826814
1867892
1208282
4388701
4885953
1867299
3654234
1219809
6629084
7238022
2276257
2987825
2999516
2856556
904954
2182177
849643
2150432
4647017
2688037
2395280
1139105
3914940
1412732
3461249
2042669
2219664
1389035
1815720
3899874
1251164
2039961
1457602
870905
2085204
6318115
5752449
10032461
1656930
2738568
3192822
3926371
2511113
13830097
2246180
2721939
1982898
1474660
2168013
806228
1147089
1286514
1566138
3954330
1158880
1613837
4557339
1173576
1683118
3331286
1314840
2225634
2333352
4737154
2380506
2363952
1547478
3369551
1111293
3402685
1341622
2611436
1477727
1540862
2538713
2397755
1362675
2171478
1676760
2153842
3312112
2810028
6124467
1468293
3456419
1524173
4556977
2320963
1991499
1380596
2127026
2565929
3771719
2735286
6958617
1749404
2141163
2045436
2555588
2187499
3162958
843170
2184903
1674632
2561178
2293274
1911952
1384237
4163148
1660239
3236134
1386826
3616236
952091
2257833
2073062
1794605
2597265
1405318
6847840
1706500
4835724
3453564
1512922
3976985
1283590
1854363
4770679
7429342
1855998
1461881
1903450
1224341
3660009
4749718
2091128
2099699
2018752
3261771
4271540
1691802
1583060
3532802
1439083
6130550
2197297
2222914
2228868
6115099
2127219
2447808
5868977
2270165
3263345
1997660
2619967
1206708
4399293
2105828
2554360
1428539
2990048
1556004
1672724
5287612
1795352
6630070
11270647
1860572
1044938
1812758
1914730
1360945
5187967
2116084
2498750
1690304
2089168
1478408
4429780
3177599
3815282
7990434
2525441
5851500
2933467
6938989
3545812
2775235
2331900
2231419
1436262
2157463
2670625
3469037
3021643
2594708
2157550
1761568
6600038
3881848
1460192
3618960
7583225
5245178
2208442
2793230
753603
1719995
9927327
5022887
3640728
1571947
1092419
3194568
1279165
2666910
1141850
1585933
1258657
3587894
1656253
3889673
7527234
2567066
5064533
3693996
2682899
2030777
1865438
7059712
4397452
4134912
2923998
2195762
2069902
2429623
1416538
4236623
10439540
4607373
6416654
1992088
1356432
2579837
4610623
2262873
2115030
1922908
6348238
2086684
3996322
2217138
6206413
7142396
4256649
3007423
1611887
4366986
2483143
2963300
1695944
3192825
1861501
1643688
2199038
1456205
2024736
1950270
2547536
2259910
4499999
3844470
2565383
1914786
5085394
1827681
1506896
1164410
5396807
14933119
2448191
1962379
1847483
2159075
3032281
2744785
5346565
1479873
3635076
2264871
3051656
1973590
8301428
7005975
3031352
1453343
2469176
3272245
2673360
6894799
2037513
873324
2405293
2339365
2831245
3200336
2843122
2040493
3996528
1857859
3948904
7886838
2974235
1658195
3421658
2331405
1923869
3641355
1728796
3942586
2734843
2832966
1692784
1125755
2672679
5857387
1739647
1457632
1979246
2320940
3565871
11732589
1815659
3128713
2451466
2199601
2649283
6502102
8743076
2399295
1102419
6305312
3772800
2576844
2890060
4502431
2167280
1731823
2595569
1652336
2009796
2339408
1295089
1498029
2328394
4549599
3397797
1724165
1695628
4158733
2094027
6435940
2074686
2061050
2695070
1927340
1130341
1390782
1316907
1651884
2268122
1956167
3613567
1512161
5056890
3682831
3358321
2720301
1259172
3219952
1754989
8904354
2676052
6001191
4804732
1386700
6604015
3077449
2732983
3169959
1898819
4928156
2015083
2560366
1411449
1720931
1893288
1398588
2867670
3395153
2101019
2149694
2718998
2190918
3228296
2236152
2904741
1817343
2168875
3267484
2022972
5124481
2510737
1140253
2134869
4899951
6748814
2943337
2676142
2117367
561100
1974372
3665862
3670177
1433333
2677475
2864750
2237404
3575060
2418079
10137515
3025328
3738132
4121632
3701340
3408934
1668988
2017859
3686955
1616266
4057096
1939914
1893718
3942629
1413762
2981172
2915537
2839734
2823906
4211279
6315019
2641538
3587180
4139979
3159177
4131881
2100018
1851108
1918968
4323993
1706568
2365900
2801725
3231718
2272153
4986416
2246167
2370012
2566951
2636947
4114594
6399089
2540593
4957117
1485945
1330816
4060669
4674197
6228086
2433681
3425695
2373200
2323764
3285666
4607216
1683788
2534036
2647140
2627085
4973037
2301799
2519564
1464166
2105129
2224679
2345324
8435654
1855191
2819353
2185778
2062517
2950134
1958470
3292009
2297546
2582736
4254366
1823078
1558520
5851631
4653758
1609247
3481339
2163354
1616606
1814649
2869773
5676929
2086792
5127361
1807592
5179534
3394873
6349268
4372224
4521389
3497071
4925423
1984662
3459492
2669075
3784599
2047520
6686210
2419231
1581261
3076858
3442423
2318832
1658009
2955981
2080163
3299425
1295408
4001303
4128906
4790452
1760061
2476645
2821910
5829753
1758996
2207380
4492615
3243810
7628519
1806590
2964565
1901327
2452971
1351268
2488498
4607010
1569635
1992164
3488401
2381136
4333410
1973240
5615290
5650098
2491379
2897263
2285060
3737547
1988321
2632821
2043088
1580815
1747291
2555241
1497799
2818171
2577877
3559763
1761421
6420179
5125073
6508303
2004202
1658336
2184265
2369922
3041206
2127733
2226657
1524480
3095360
1683761
1583877
3706795
4592031
1887517
3945204
2655667
3468194
4349612
2629512
1342196
4158265
5580993
3281156
2967703
2750468
2349399
2631302
5147142
2187465
3278722
6059488
2407118
1945252
3929979
3982286
6033017
6143493
3760613
4148252
1796620
7786155
1730309
4420861
6381176
4144533
2315667
2655546
1966071
1281086
7697639
2953687
3976377
4241409
1687850
2738145
4276493
3230118
2926105
3651584
5148362
3785203
1395446
2395237
2376449
2739390
1612199
2010785
1852081
1948907
2292367
3169500
2128253
3737929
1893191
2034426
4467735
2378349
5079352
4781820
5982184
6803131
4609964
2306304
6184138
1942719
1611908
6436489
3441441
7313106
3377048
2739559
3250029
2482721
2373616
3556609
4686002
2212457
3093381
5572996
6650255
6317149
2153463
4419661
5563128
2668596
2541441
1640199
7928312
1919135
1580344
5023161
5630594
3122665
5841896
5214949
11447017
1611324
4222301
2735512
2413768
2291394
1732221
2698257
6049602
3542721
2340661
5583416
3369343
2259259
1265013
2251936
3406918
2201287
5491534
2282424
2669973
1800494
9235441
4533909
3986843
8118626
3511070
3871225
2707549
3464303
1869541
4990465
2220391
1907027
4317345
3127328
3160788
3541569
2112881
2727619
3982145
5854816
3357608
3755591
3527478
4220003
2085556
2030366
2963924
2058167
2888937
2123667
3082859
2646062
2210657
6111629
9363312
5896929
7586654
2781438
4785599
3431019
6630655
2471615
2062413
1970103
2958599
2901710
4335854
6091686
6368427
2225817
2618543
2017320
4761589
4089591
6210926
6779247
2291757
2181201
2941103
7388832
8806998
2668903
3062586
2358286
5692360
4697686
2835462
3005119
2629699
4261750
5359464
4330057
2547742
5637253
4758058
3285465
2730613
2410521
7252974
3376345
4086576
2627641
4949732
3052250
4189368
5731342
8382416
3292051
5308958
3914941
2851819
3412926
2853464
3348067
8147594
4114674
2582395
9130064
5453192
1924042
5588859
3148744
3345159
10129868
2834440
2743496
6230835
2224192
1720569
3368286
3137858
2576198
2447346
2529986
2462689
3750237
2420617
4804583
7309000
3009457
2579275
2745138
3619794
3097691
6996567
1724402
3332262
2821215
3158175
7879206
2358050
5648934
5515669
3173250
2198348
4065083
3516085
2396769
8069639
3033851
4813535
2136856
3597488
7718148
4358309
2777217
2478179
2209578
3492797
3154814
5795250
8220412
2407062
3977727
2899345
3033291
8825103
5781417
3098589
2623000
5279265
3445855
2602015
3595530
2270176
4470685
2920246
2020290
1766910
3380470
3621513
2897042
2695427
5474476
5419471
9311771
4324539
3837334
3432110
3734465
1982161
3057518
2830504
4410942
2996114
2637316
3107184
5630430
3124628
2082020
5490455
3678002
3513937
2876271
7453262
1931513
2636429
2572602
2284478
2431401
5008349
2685250
12804634
10223408
6249172
2271009
1983356
2550062
4108159
4096423
3658819
8874883
3045775
7264616
7349098
5681019
5001565
1706648
1854355
3340949
4955088
2093902
4176411
3080653
1993636
3041637
3291285
2549421
5853207
5696030
4571045
3914192
5601162
2451067
3769723
1736047
2727548
1982294
2757444
3208045
4817542
8142163
2645890
1827654
3028342
2708764
4626799
4631998
3115707
2768244
5040122
5023592
7911509
4059480
3047931
3368130
3764590
2425638
6268783
3249929
3243962
7997900
2470915
4242568
1503023
8705286
7144074
5306837
1991885
9819359
7675912
2240564
8194168
3609463
6617176
3204285
3669919
11369639
2413413
4161937
6830720
3872273
2896016
5614701
2006068
3079658
4764514
3075288
3956294
3067748
3029618
2837788
2499781
2527584
1835992
2718442
8049454
15072440
3525803
3208134
3264467
3931130
2850240
4355508
2257825
3199411
5572268
3838558
6772110
6632563
2592313
2475170
7876575
2468460
2578721
4198804
2019157
7256507
3975569
2555460
4364907
3297647
2348048
5561727
3215776
5543841
2647184
6873405
3478858
3211631
2396188
4402180
3550351
2579518
3119760
2547015
2520463
2802644
2320120
4760004
6249282
4106317
4022864
2998186
3371065
6482239
7548810
4076945
8055666
3923267
2863176
2869649
4305473
2496991
4697604
1784917
2352978
4030166
2872840
3104632
2799486
4474276
3644509
3637154
2686530
8518576
8477731
5679406
4641427
4021602
6898265
2385673
4235223
3949088
4165903
3541847
3716991
2466459
5471246
3191965
2565478
5048798
2522515
3170532
1638706
4932203
4265231
3210959
5450960
9324557
4150332
3146958
4565693
3081399
3737957
3121454
3603767
5020017
5145690
3424038
4096182
21861282
6212710
4170267
4254438
2978005
2412623
3030234
3593546
4028672
2899125
6418957
1935369
1394758
5256888
3005625
10907908
4063836
4168687
3414679
4995009
3226677
6838725
3094412
8175700
3174102
7528592
3053454
6094849
2448663
3576126
4749742
4612050
3528947
3429387
2634399
3947965
2936751
2227937
2582803
5193500
1824176
4710609
3187896
2711556
3916749
3582095
5884031
4689455
2872044
15056154
4529086
2721156
3953816
2490713
6043769
3315396
3373850
8534621
5897840
2104307
2460658
5362698
6556331
3124136
2895835
3279390
10015856
3091974
3420754
3152432
4311589
6069695
3451709
3541625
3183533
3879379
8335528
3991548
2426071
4677444
3003533
8782289
4517066
15511847
6123086
3884207
3383572
3675169
4876618
2671137
3580785
3381150
3282250
5888358
3771735
11656715
5357382
7302945
3410300
5226984
3556974
6324952
1421566
4236721
5030284
2819767
6304621
7863405
1523301
3291928
4016355
3548310
3192026
3387928
2726136
6820514
7389128
5862154
6054665
4768107
3289618
7289297
5942962
2261940
4098930
6503818
3518792
3076722
2386468
9552551
4558468
2356376
5946128
2276632
3526541
2974132
9933242
4301587
5050406
7521562
4357603
5414381
2864419
6744851
2514909
4187508
7106483
1686924
5621494
3649031
4334637
7257226
1701048
7848166
2775267
2595891
6673396
3261191
3863785
4625027
2806655
3527525
4728157
2901391
4198943
4027422
3390604
3794968
9453415
11523307
5781717
3614308
8735310
6151079
3134230
3582670
1822402
3605349
5833649
2935462
5248219
4939788
4126384
3328525
3787988
5181227
7102102
3744463
5264662
3188546
4108598
9308403
5585398
2236910
7519199
4336796
3761272
4337003
6331641
7053749
3923017
3346314
3631770
4485846
4541055
3602234
2592762
11549196
4784659
2160284
3700929
3812700
3398093
6099609
5292641
3541825
4907232
4459663
3488071
3692619
3063148
2837124
3918186
6693330
5543406
3312392
1889201
2892208
9905515
4732909
5376173
3667130
3815654
2213736
2952676
2511556
3161968
1823816
5542492
3709089
3410874
3137551
3665520
8705825
2918415
3810067
2293775
10057240
4498098
3180295
9408100
4125113
2673953
1894886
4400233
3306623
3687790
3144509
16933739
10825948
5098252
5051718
8867297
2803626
3773638
9004801
4558058
4292690
3248626
3074003
6079748
3829538
10222941
3423713
2800886
2064199
1863251
9423439
4788610
7996007
7685202
4699305
3601099
6013143
8533325
3178563
3311593
3048689
12193500
3151490
4341587
2688528
4038102
2333671
7152227
5571971
3771492
4215665
2751768
3938319
3860336
9674679
6830335
3719945
3039321
3685303
2467398
3095767
6042537
9169637
5751719
12743538
6115597
5219906
4593929
3790670
12921996
3318038
12168970
4726027
4532922
3367573
4330552
4490890
3613588
3040189
7566697
14617433
2713323
3904230
5768389
5903460
4060169
5584494
3620466
9724161
2470045
3377011
4232057
7652333
10489924
3550216
4769540
7547207
6555028
5942335
2466082
3975800
3805042
4718024
3906446
4980305
7074496
3049956
3935371
2401793
6180177
2602146
3304091
3818645
9116020
5838734
4673794
3560812
3530553
2808361
8849162
5567413
4410491
14378917
2932223
3071768
3599332
3241165
2200194
7020795
7016722
2852488
6272357
7780415
4550427
4442642
5182473
5897671
3127448
6063292
5810662
5615376
4182696
9740895
4135764
6378559
2876816
2324551
3307725
3615986
9268048
2650242
5744612
4913002
2493691
4918410
3354092
3445315
6986162
9301812
3761294
8026784
3275025
4236449
4169910
5760795
12503053
8448238
4579074
7193332
5848248
6544094
8525596
2687745
3749438
7238765
2201770
5242783
12506882
6277607
4717059
8175570
4995742
2919201
6833350
3519917
20613181
4603357
6038534
2652505
4923395
3522285
9622816
11343952
3322302
5523293
7378557
9395422
2756443
9409900
7652381
2474684
4807123
3963180
4447600
6051258
3794323
10500802
11724356
5107962
7384485
5311800
7594915
2504986
10770132
6744225
6105643
8613149
6536537
4420275
6122427
4361493
2784926
4150892
3972916
4978560
4492605
6487201
4438052
6288430
5029295
6380299
4802252
5659752
3220360
3697049
6206904
5410853
3877368
2939573
6383819
3893769
5052885
6782608
4150911
6626327
11562754
5445899
3398365
6338952
4506026
12993166
5824901
3195759
3221738
4720871
4138686
10273450
7316947
3515542
12487463
8744973
4437662
4090124
8019444
4650520
4567442
11897321
2918437
4887732
3208817
3888439
2015300
5197347
4840003
4550918
5718913
3761613
5363011
3775046
4712322
6315104
8823904
4289719
3084900
3686186
3427069
3957855
4147006
3104351
13775148
6887055
10203326
8877796
4453469
5304334
5580364
4638060
3594377
3018481
4861248
4527680
2395192
5889551
6230332
6720510
6518620
5434106
10256086
4305160
4556058
3249901
7419833
4175565
5777058
3193763
4474684
7551222
7835872
4609587
10114395
3831146
2946135
3877451
4457505
3995751
8132159
10997925
9598419
2451491
2777927
5306487
5072924
4284692
4250857
2845554
9122282
9445050
1696897
7818364
3380438
5403546
16465118
4208392
10959341
9782709
4094288
3682083
9942289
5796971
8194056
2146826
3311901
3854541
3526645
3608028
10072187
3031389
3710863
4811752
4674806
7667697
3003107
10981322
4264628
9246272
12901208
3953540
6146525
4463531
15777347
3371304
9965932
2891006
6962437
3636313
4130937
7607508
4973379
6478949
6897368
3489304
12848004
6047074
7537109
4298973
2586465
5951282
5885820
7997970
4161886
9747141
5300348
5352388
6804382
9953849
5619669
6194549
6441114
3178782
3520121
12199866
8580204
4328063
7018773
6024097
5796240
3848825
11543326
9387122
9165246
6573059
3769196
5183831
6833133
7087910
4456120
3727876
7446071
4178311
8914058
4194288
5463832
3697156
4239902
3921369
4217008
3167406
4471027
5354649
4341638
4533672
3366548
15890181
6216656
6244881
3336772
4551925
16410724
5002258
3949477
7084623
5884257
6127390
12652454
3304932
3063934
3285486
3405315
4933531
5700952
5248252
5128940
3786709
7213396
9826998
5249247
7403324
7762100
21321445
5210998
7100145
3669311
8784157
3732955
15175354
5891508
11763870
2838002
3404096
3255894
8818225
5312509
8604329
6963645
5531566
4502390
3241371
8507139
10105634
6398261
3153635
2661276
6512521
6293904
2762238
6223937
4456178
5906763
3535765
7766152
6331034
3670529
12182560
8868660
6624355
6493410
5650450
3394828
4774751
6115356
5650125
4946545
3541982
5546209
7762277
3380397
5155211
4528489
9543487
3672073
9064637
8245689
4762328
4546257
9015616
2605966
5099829
5249867
2569497
7446845
3734000
3612544
2973280
4119927
5445101
4143326
7628808
4443600
7225656
3211696
4810420
5632639
8405297
4630601
6478122
11487024
2229809
15893804
8140118
3770370
5378640
4524505
5017150
5973163
3788780
7641028
2835877
4140338
4210066
3978608
4034698
3463465
4517393
5338573
3761392
4674073
3560091
4948356
11018208
5205065
7511167
6944500
6560056
4592890
5988827
3806144
6306055
4151101
4330540
5766771
9345468
4051783
4191894
6296526
9248572
5282591
5307831
5803424
2260373
11126429
6460234
8288502
5827966
3930808
4883018
4983902
3995387
4166884
6549085
5089711
4520857
4636618
5695246
7728423
8101662
12351825
8378201
4904542
5525225
3845571
4827800
11913285
9513908
4206651
4239766
7841119
12056924
6751863
3337158
3696355
3988976
11629085
6728317
5820108
5936586
8834776
8919354
3891210
4107906
8711989
13145985
5596269
4545686
4273895
10488236
8588613
5923927
4297024
6272485
2378000
4554673
3422544
3894282
6849695
8160184
4080833
4105487
10309334
2981076
4539535
3603545
8690038
4381090
6701124
6246950
4019475
7147073
3027603
6711189
8361634
3340292
2579364
1785708
5940921
10112682
4030702
10846178
5107351
3574676
11503464
5110386
3156558
4117417
7661381
7624147
9714860
8463105
4395585
6013449
7400195
4402820
3875866
4725001
9474478
6620736
7982342
7410108
5080853
4318865
5809634
4802076
6124253
3853678
9155111
2707298
14852275
4407743
3783962
6836940
15262176
3807830
4977293
8631738
5709821
7385367
6347095
5100571
3950899
3608666
5154895
11397803
12529392
7589388
4501050
5318431
13120635
3565056
6295975
5428121
7377402
7419188
6069004
3488529
7790698
9882373
5274812
4414763
7018646
6115528
5937517
4481092
9360277
6549766
17385964
14012215
3057920
5645554
7846356
7075553
4507220
6971870
3683353
7609135
8844803
4070798
4922960
12623043
3655772
5814280
5269275
8914293
4948824
12446532
5817290
6483319
8064981
6905551
4599552
4729088
6816708
7008851
3716872
24609839
11341299
6079575
7035114
6701601
3716706
5112291
15403091
8391349
6664669
4111825
2866829
5338559
4792474
5802204
8380342
5473437
4119709
6834206
2748019
11141509
5941157
5896308
7283933
3781595
5914281
14523789
4250567
3653096
6298375
4864051
7458305
14666019
5602957
3702829
5066377
7855416
5008177
7418500
8171917
10535864
6599971
4080928
8564214
4635832
7591462
10700854
17355530
6271477
2702340
5574582
9191735
12226901
10639183
4373584
3293511
9596065
4818354
3699251
5274866
5968768
9906056
5431315
9095237
11442422
10940647
5165029
3389218
8354498
8255170
5657078
3841562
7651515
4277391
8004856
4170017
4961529
6876321
4620846
4447275
11974275
4241792
5983269
6843089
10018848
18324814
8210582
2481801
5381022
7003688
5323674
7494760
5522289
3074256
8430893
4012443
7840672
5815683
4061454
8157625
6567424
6121321
9520759
5008253
3570870
7380627
5759676
5504130
4566658
5740540
6009845
7779352
6508815
3474376
16682620
3857787
7181494
5595104
11921704
12917906
3281619
4845305
3830888
3739384
7970180
10539339
5328459
4042971
4237772
7540259
4000102
8579074
6706481
17368650
3790707
6489768
5958590
10323802
4845934
5784635
7113431
10389730
6338848
4079323
6414835
3292828
10210553
10438634
11807462
5821110
13320159
3778510
3819535
4271162
4666296
6454475
6495781
3486189
8057678
5586415
3999656
3528188
3895588
5202839
12742647
6090904
10965077
3936931
8945608
6326051
7041674
7891995
5234993
6393942
8388146
7764754
5082779
5399720
8808078
8178493
5011596
9835078
4871198
3116674
5691715
3308410
8610366
7335169
6798372
5338073
4601213
6602197
6099089
7376940
8456350
4489395
4250871
5632381
10417063
5770689
5143361
4707196
4820743
3233063
8833917
9494898
11675196
6011124
7237335
8286415
3781498
4910309
5423518
5551424
4069796
5952993
4610673
4471185
5565310
10003423
6587869
5018853
11529682
10263454
7887162
6297289
5499660
4853809
3913768
7731773
6056619
10176107
10697246
4540944
4565618
12645526
7804458
6960544
11742366
9484582
9810834
4386879
12550462
9307164
6132529
5294282
4693983
4362687
3239953
6858015
9183770
9428319
4640318
4877013
5530227
11942536
5001700
14366060
9753665
7589294
8030053
5334725
6856384
6726283
10946951
7923928
5875231
11352621
7184690
8181625
13430267
4955939
8172944
4527084
9740428
9470274
6206047
4561821
4411447
5670725
5132952
8825027
9834516
5478511
5857270
8646510
12653911
8560914
5049100
5830448
7039577
4986650
6308992
11109083
10212886
8283427
6800386
6760628
4419175
2213478
7135188
3192674
6508859
7311909
13301967
3067717
5382110
12302514
11970176
4429466
14432552
3976410
6124638
7242161
10153774
4327218
6485158
6445092
4555987
9462136
9812167
9462909
8130780
7722189
17295106
5079327
8615252
4202838
5841283
5639757
6929760
21252500
6887761
11363749
11683058
4013738
7323717
15790158
6391435
12545704
6735859
9082178
4713448
9552293
7562977
5248636
8428426
4538344
5630933
5227535
10004029
5847171
4040626
4955269
8640352
8180086
4362116
10410666
8657900
5154139
9272162
7656062
3659832
7690943
6439286
4817978
9603747
7471557
22510422
3778283
13251737
5076336
6537442
15053749
6440576
4776292
3736092
6083328
5706763
7717960
8908357
7159481
11749906
5584235
4330526
5196484
5519817
5135015
15256872
12949179
5548402
8974050
4678746
7403902
5966304
4372889
5498352
8663621
9520904
5415617
6520737
8183529
4368372
6564210
7928204
6018376
9853482
9373153
12305344
3842163
9153312
8556872
9323974
7427471
6486548
6593999
4364286
4858651
4973559
9641998
5278879
8496855
13593251
18500859
6046508
9440996
10105056
3495185
9247262
10884490
8119013
7912411
7089253
7431730
6774759
6000049
8527805
6036532
8312922
6749712
6054689
5944528
9110411
5917192
21235389
7653004
10862372
18088522
7504086
6750491
3998695
8591363
8505632
10887587
6843162
6446323
5452706
8406555
7323990
5575320
7193133
6158640
6457173
4573242
3485457
6443952
8613170
5651794
5973648
8735624
6184075
10259579
6626575
6608960
4373649
7343596
7817094
6768127
7835784
8731642
8794018
5739595
11207804
3374900
5132552
5879594
7559812
4563892
5967681
4853103
3566233
6913511
11257436
4880728
16835692
7030574
6296764
4658218
6323225
7732789
5520257
10978858
5069400
18740279
8104950
8975646
4261306
11597888
12942162
9810293
3998343
4332070
3423730
4643150
11758934
6256017
6499863
4763857
4806799
12832256
3736273
3626388
20126691
4033298
4382166
3201404
10218101
4866575
6823414
10130914
4375297
8082582
8824235
11761218
8574868
11782634
4656399
8368654
14089551
8250999
14944383
4167223
6402289
5477580
7640268
18169232
7372207
11112805
9553364
13146156
8847571
7294696
6054146
6810715
9197831
14005802
3986270
9436454
8546927
6204668
8463112
12709900
15483633
9884415
5635316
18865944
11666171
5843507
4719174
4591715
11968209
6914300
4756617
6484664
9116055
7038714
7316455
8984315
4885845
7643035
7978209
9333291
7797060
9810455
6748193
5768825
6824026
4612886
9952043
11994876
9336758
14219781
7815100
8739129
12008608
6552014
8792554
4674916
9754586
5388102
7563336
9030182
6905945
7439781
12110050
9825428
8287260
5930898
8914484
9612231
7516581
8828094
10002323
9225070
14232733
6108386
5761628
6080093
4539825
6024872
6627737
5695197
15019685
7378954
15864053
7126554
5652811
8456291
6582997
7422543
5759326
5976297
8701554
4047098
6719709
5186769
7307190
10465443
6924317
5022488
12822571
7674771
4509826
7666654
5060508
7181408
4002456
6888614
7285452
4845755
8239895
9233313
11269418
8812155
7892879
12019215
5364930
7060923
7204838
7558382
4588801
6126643
14226218
11338516
8760441
4237080
6807081
14008661
4821520
4572876
14854042
4384070
4679606
5976033
10149209
15468297
6646200
4311219
7444044
7909341
9642386
6043623
6500516
5408371
6554521
15641275
7019753
8618925
5468830
15015017
8717538
8157293
8685154
8669402
7139732
3239793
8288567
14083262
7217720
11621715
8324862
6274047
7235002
7110893
5922251
11496089
10388687
7909016
13314753
10929436
6375071
4173662
4306338
7246335
5274723
9307363
7527288
5309125
6425667
4249153
10054153
5801262
13195036
9380052
7887820
5721626
6909165
5248903
9278912
6288079
8171503
6450194
10787976
5791919
11557295
3247500
6934281
4888810
5003232
6884910
7624305
7131467
13243463
9327533
6249864
11898408
7950696
2554122
7649672
19700012
3398049
5763311
8278469
10756980
10219100
7699538
8622211
7253897
10398293
11948608
7267890
10137658
16430025
11584101
9025849
9299167
6284319
7224820
13248438
6026707
7364643
12247033
7612392
5234000
7526425
22338491
11485487
5816634
7038617
13277102
11569751
6235890
10761617
9837869
7151346
4094736
12968622
11837577
7594420
6816373
8361511
7043307
21037370
10474146
11249578
12239955
6484017
5162549
16791968
15950174
5790562
7851067
3925922
5045949
18139437
11880095
10801864
5732718
5941125
7002815
5758235
12773744
9023397
10192113
4651876
10947597
5156093
11542768
7302244
6946213
4817422
4544639
3722321
6536253
8338377
24145932
5570029
8720748
9185274
8930458
14395688
15977191
6587391
4705230
8766793
6360123
10932405
9151052
8126865
14773489
7303904
5001554
6411009
5136553
5813682
8283838
13158978
8567036
5781004
12020416
12431039
5391549
4565067
4612227
8523262
10505985
6341714
9633938
10017680
8869722
13489340
10445092
11395668
6730469
7900262
13513596
7188239
8840862
6162171
14299438
6527983
14906573
7536753
8938026
4838331
8304948
16116010
7187269
4661416
9967539
21042891
5458159
5603755
7388809
7640553
6977733
5852312
8872848
4756623
7827354
14518182
5173326
5939293
3919642
3770003
6630173
6084443
11347754
6326486
6904451
25303856
24707559
11805197
15196794
9173118
6180639
7290566
7978919
9592068
4748181
7641587
11353316
8451719
14553357
12293588
5736143
6815170
9102046
9701695
7473026
8138462
13428229
7429243
9010351
13760761
11680893
12699833
8184201
15570662
11797699
20422807
15243577
6302007
6071477
9536234
10388991
9978467
9283323
5684774
6233494
15169507
5137668
11108752
8332272
9603705
17106946
17936471
9906867
5096036
12528707
6178744
9847767
9729142
11426942
8333945
10102680
9533410
8358856
8617899
4648743
15078976
9769232
6917644
7581353
15904088
7360271
7364194
18854052
5774831
5074730
8888682
4511941
7887950
9968180
8575356
6248330
6222068
9740595
10058820
8361327
6913092
13097183
5858525
11745972
4342358
6997565
7716616
5998044
5446391
16935972
7734446
5368166
5214778
12317463
6361092
15689357
12103998
5628097
4600779
7604479
6780105
8968446
9907747
7827064
4735185
7248614
7448703
7765848
17385764
7372338
13845390
7389761
6555946
6529013
10998851
8552221
7934491
6959561
7676269
5797242
24847503
6646969
7264274
12368398
15633133
7403847
5238306
6756851
4946001
17809706
11257905
6634790
8925529
6772304
11545775
5423073
19658076
8023471
8747208
14976637
5397945
10462903
9300772
4355896
4336933
4971074
6933567
11580850
4492595
8509471
5334573
7460675
12409073
9306247
9400422
9521582
7051613
7589832
7960063
7808598
8261050
16342356
15055963
8217213
9509900
9318205
8505193
4560615
6661184
10843438
8183798
8861968
8533666
4933439
11509663
15584356
9509451
13503821
7244321
10569009
13835831
10443130
25164545
6694268
11586954
15710358
6532135
6216870
8335494
8813436
6804787
8672499
9898299
7837432
13168426
9222862
10629552
13092317
9544528
18789699
6894895
12986285
5949049
11313952
5805489
9550975
8983037
6612489
6235761
7660127
7842262
11737936
5097541
7694185
6481732
8139267
10656000
11661257
7942972
7888761
8651807
13086724
6953539
7387920
11565002
5726483
5779572
8049900
9618381
4586275
16926443
9893621
6820609
10167964
8569619
8070508
12209810
12281347
10653547
11890385
10361163
11469578
9346681
9937457
14540145
12591744
9590789
13966140
5462306
5772291
8812649
6573430
5604546
6859848
9147089
15606036
4727508
6227337
12483196
6797052
4794164
9194902
3985862
10055939
4740167
14100044
8131870
7052770
16624685
16070626
5229921
18545785
6388822
16678065
15144512
7354497
14788991
7907063
9143065
18755082
8314381
9175982
14137043
7562331
6698927
7675743
13289428
5840468
6666377
7404051
11535790
10498530
8021560
10645743
10488864
13728974
14800881
6373087
17449453
9543907
5409133
7643355
8397682
13749808
5362169
11315207
15251700
9683611
11646291
5110916
12454667
8279492
4504972
7237824
6372391
3840314
11422829
7354090
7102825
18964174
8228569
11580083
5832462
8415965
5971618
14381918
7790591
21186627
11878167
7001571
8878551
10251013
11428843
5994047
14309246
10381525
9711627
5143236
7387111
5755745
8455170
8338027
8135726
5574669
6583532
10771742
12139476
9993979
4691864
4741210
8837132
8309324
9923146
7239512
15039809
6842399
10649579
11095304
6743320
8051220
8550857
5410348
10942124
10851447
12775666
10210429
9216626
15675708
7718838
21673223
12667303
6952531
10375452
9815537
22305024
13267632
8319743
10875307
9343193
6023843
7036792
11563786
7516727
9750403
5714162
5984673
10166240
4672868
13189876
7088395
9391993
5933514
18232533
9634062
13996010
8952107
5966594
6894701
12842132
8057513
11320375
4831935
4671434
6241420
10316465
7391629
16124661
11687985
11701845
6598638
7113236
10679059
4217558
8078737
5834469
9716524
7701101
6975137
8964667
11126802
11168251
9217340
10798556
5987228
5917903
7047522
8636762
12941928
5669939
6637448
8639275
7006392
6526865
9215859
7101291
6807952
10242506
12053257
9657110
7288404
7388893
7744204
10156330
7016828
6551949
7856264
10541334
6223323
12055784
4310426
19315413
6292366
5347292
13434383
17767094
8107918
10844189
7900911
6422447
6781469
6112853
10432713
9264794
17459982
8171292
11237989
12665320
20664026
5300984
10039733
10958741
16798242
5951207
13659515
13061356
9272931
7746714
9643709
8663255
9878506
8270093
7422165
9082094
6366442
9930123
10729231
8013027
8069570
11263922
8849400
11992397
6348471
13870921
11030201
16883682
7499935
7882775
5484392
9074899
10270613
8565963
16394428
14858261
7254626
7249097
10596660
5047294
10853423
6995590
9102311
6559388
14660983
16344630
4844852
6405716
6006164
6451363
6904811
9124552
4917752
6482443
13834562
13190341
15075100
14905315
9922620
14962760
11888942
10034042
11129322
16758809
18190045
7959874
6339583
10273059
10790758
7946864
7997429
9816819
4536395
3762442
8367756
11207256
5319495
6599430
11029788
8675423
33590837
12981430
11378653
9506018
7740257
7478957
29033992
10791572
7517817
9877248
14622301
9132587
9002806
7208307
7120160
21675272
7105452
15162415
6493903
15764303
7255935
6420797
9041286
10779568
14403810
13967941
7095410
8177025
8031147
20099462
8031710
11819884
9021644
8064422
9712643
6243986
14354949
11119506
10809554
9604538
8933717
6745477
4969617
5877573
7924050
7031492
5412941
10784678
16625017
13788172
6478698
6053936
7258578
6876171
6981526
19021925
9643473
14692341
17933388
13192699
8605021
10052684
7485500
10722381
22607987
7448056
15243028
14096646
10556612
12983268
20175242
5180550
9791567
14781859
10044657
7165397
7775348
6249679
18818094
10761351
7197999
6686273
20966659
21815121
10701652
10516021
5918443
14874649
17812754
11299594
10379810
13976143
21697486
14144252
8585514
6035398
6590831
12419625
8935065
4202067
22789043
12652838
20056179
6525571
10804599
18978390
5163494
6979593
7219850
10098674
14817209
8676175
16998418
7318754
21282227
23564547
7807619
8356240
10370506
7950748
9833975
8533950
10782651
8566144
16353492
8080854
10464649
15268646
15460021
9023194
8614390
7542441
13402432
11455925
6017033
14493673
13589523
8474546
7606781
10225056
15451388
12661022
9606804
8619662
11185555
8264830
10713483
21416504
6171293
8355632
6425164
7734841
10255113
5649874
6402528
14798590
11998648
6764663
9974212
7971348
6354133
8216159
9172656
7102453
7393958
13015091
14111079
8777793
4208858
7998315
7714846
7143168
8220027
6773214
6609248
8059918
9124978
9940225
19348858
14049230
8384372
19272280
7254864
11227253
4582151
8295969
9462850
9618677
6066110
9930309
8012615
11882332
17401821
16176787
7683870
7192192
6380308
18873560
14983429
5512203
12894156
11678893
18471748
7690809
12572526
12061965
6331551
13918756
12731999
16587687
8445988
13853859
8041155
10029094
10890570
5820097
12237381
24099621
10964544
9185182
6026468
7988217
8705876
12754638
13605007
6696139
6592658
8724545
6332220
12062117
9099821
16405425
10226727
11687319
5581846
10327767
7690305
6858203
15157513
4783002
6893921
6761028
10539811
15690578
7309478
17257835
20970615
8534213
22759469
19122941
6007721
14607338
11812093
8628562
7251947
11504565
12835770
8072602
7400899
12640819
12315893
14395730
7021634
7781148
15256860
9770819
9700982
15146113
5578502
11661806
8722527
13178366
17394098
6592863
8423418
8824610
15711671
5536760
17260173
9289875
14792104
6031168
11392860
7710502
6290457
19402412
8372528
8409596
10278224
8648341
10112651
7814372
10125665
9131109
9927681
17464723
7574058
15904391
23940786
9914842
8378465
6386021
14197802
9024580
18112972
11513524
6220903
8322997
10907153
10197725
5686444
11252856
16473353
14311245
12107778
4532488
7244763
12707601
14923321
23802313
14198616
9386807
8637585
26862719
18455354
8740253
11287380
13794306
12800425
8027910
7017127
7336437
22757126
8665965
9795814
8625244
8773586
5681892
13070738
8131187
10977229
11325413
20067813
8934322
15023700
8555800
9222545
15791712
10830818
13866138
8327322
7682974
6290559
5701125
7225662
13814304
17088937
6281504
12761227
25029262
8377357
11378242
12378685
13537197
25393060
9924545
12966307
14001990
10648922
7400060
10379458
9954961
5970404
10797170
7560822
16104795
14352395
13950482
7977940
5958269
6618444
10226894
7895645
6695797
13930869
12806010
19299614
10811517
7838461
11307428
14884995
10840733
11638568
8161302
12225196
10320319
11207828
9565840
9995915
7206414
16524544
7418822
7871734
7637709
18592462
12804385
10305070
9090762
8729418
12726341
8895996
13830587
14620346
13437412
11357764
9948712
13097413
8289660
6619915
10120919
5054706
8217066
17071732
12636153
14139354
7139166
11875490
14964047
12753055
9929989
8367496
6996051
6608538
7829660
8506460
7159417
39670678
10568129
7918709
6482859
6472112
14428239
33238481
7578729
18224284
8081264
7975522
11462410
7665632
11592081
6172660
6506956
10741322
10566057
14299455
15791115
16093272
15994310
11066396
9927854
8739722
7860470
15414858
8462409
10687985
6232480
13525290
11667936
17786958
15891311
8491523
9018023
13924091
9868410
7603537
10299970
17272659
12005876
14016713
10739730
17093249
10229581
15653002
32427540
14270612
24708407
8806706
21509334
10794614
17135039
5620540
10641246
7538095
10593957
7988530
14754558
12111094
22485596
13078675
6254833
9657735
12082464
5697714
22546160
18767795
12249855
16576566
6310742
16229920
23864018
11309086
19354341
15550352
9677863
26445829
6347187
10615308
13799417
5117114
6917218
7149670
9671771
7480916
6178618
6338731
7352906
14198337
17981646
12939671
8036847
17626077
14804861
10937522
9478876
9643918
6604860
6495399
7353201
7822502
10135662
14562573
13177975
6251054
10491296
9534322
4690300
12078208
11002941
8674049
8205351
6673814
9408941
12599224
7597457
9268288
8338509
14350924
9441484
9438579
6595146
10915739
9372280
9121790
11559655
15623145
8281007
17699033
9539759
12097473
10227815
6594435
9376997
6151153
15231866
8390200
4910400
14334428
14636854
12900179
19254227
21237446
15490499
19103130
8304874
11154727
14567027
12830873
9323857
8248453
10729993
7109502
12747370
13123748
11227877
11376001
14342263
18525467
9075912
13645215
6927361
9823241
7683511
12285923
10283051
6715463
8395384
17039096
11519049
12415963
11143107
11215542
7663682
25239653
10865112
25898807
9383339
11894273
16474110
12730743
17170493
16410628
13332635
6168597
17257559
11655550
5455998
8824330
10879425
15515847
11162675
14702574
9697511
5835163
16572673
12900929
22911883
14931865
15431155
8427430
10635790
10412990
15033256
11198694
6456324
9203398
8559305
10433065
13009719
8375263
10389907
16997305
24834082
6555856
12145746
6769393
20474034
7444006
8112141
10667319
26469650
11708166
6944446
11280237
7367444
11729097
15335805
19693158
13114180
9686660
8919507
12978953
7137761
23148964
22737993
12790405
10449660
16115655
8966844
11452615
8557712
20086749
4911938
9833912
13593016
15199436
16080184
16354596
10072353
12392154
8840853
9771374
23347190
13043194
9203620
8261214
7363215
15389891
22745824
18548689
14158519
10078998
8866275
13593272
7993217
12611033
15095256
12252800
8616759
13014575
13677003
12022417
7785908
13593198
15056068
11580184
12523388
21190048
14378564
10536014
18632289
9976644
8965117
27738656
7315917
7059487
8422774
18632877
11215344
16001847
15538190
14867137
12538886
14527205
13586559
8824963
6574784
10157069
15667250
7809420
21833373
21004519
11606716
11489052
7685246
13899092
13944965
7930753
12302527
18225991
15918111
11172734
7990800
7025603
12884147
6810884
17876151
8654405
14521385
12481604
15549630
15587322
12592706
17643968
11334627
9333866
11169408
12389351
13935929
7044857
27738651
9289711
5792656
12363914
18458791
9758169
4636449
10594602
7866982
18396482
8645269
8436468
7161958
6983574
5975013
17669547
13075236
7590827
5224741
9248283
25216658
11767483
24548673
22316799
9530008
15443420
11909086
7582651
14746719
8366933
7551510
9273996
20810275
9809952
10137032
26561116
13237301
15904199
13871024
8561538
12142333
15818452
8942863
9623802
7060366
8629141
7820315
9049059
15786431
11109352
10796645
12578167
13492997
15235456
15154334
10113572
9535925
7977914
11801981
8071628
9367514
12345815
10535680
15050089
12655198
18205175
10089180
19347230
15096681
14102943
6492518
11233017
14332756
11712563
9513428
10246857
18558219
7785772
8382301
20210549
11684732
18621407
17129301
8301059
12511243
11146819
20861466
8694413
9262620
17497470
21234226
26083119
10658374
19855082
36860302
11109148
6919489
7405640
9431338
9579592
27889454
12780599
11532611
13730363
8606509
24325644
9207236
6007569
11283659
10736317
12238275
12418538
13279768
19112091
8491671
14108418
20283516
18488789
9060801
8353598
9369837
9326217
10859925
9443360
21897309
7583825
21923719
10911192
17242692
15753857
15337197
37479209
12146778
13275846
7925090
11708310
10440154
18997427
8573848
9812271
6790327
8534574
9733378
7590383
12716407
17404980
6901927
10443545
8738340
14718294
9765130
12728973
12368841
13092472
14068880
11056739
11320552
11734911
8132263
10484110
7163871
13685418
26406030
14633814
10131110
16909854
7994950
9939687
27110764
16409814
12253121
22666959
7493607
12302015
5854051
28005820
10608993
6306320
20030316
19892614
11257152
15746244
12246756
12204915
10794980
11602352
15849314
13571615
11510700
34028341
11743693
12091059
11489129
17455136
17547972
22286266
29497604
8315378
11558049
7292009
27522842
13858296
11179318
11868595
8895139
13934692
18600717
10085699
22849425
16924409
10711940
17678267
12422922
10907477
11833744
11294569
24003383
14064724
17329349
19405699
13839810
21676881
15484961
12105752
6238070
16247030
15480818
13753318
23492711
7424834
13422623
30876256
12081673
7669658
22716431
9237129
11386702
17365555
8003868
5887205
14856945
11126288
17261259
27805158
11110616
18322098
12046101
19809380
8810741
8130469
18106569
17421984
19422539
24946865
6580508
12742655
31446212
13129892
14944981
15289406
12381062
7621734
10356351
21119688
11161054
9440767
15510887
7313886
15389178
10706051
9760445
15752961
20843983
12510645
10595387
8326716
13939608
6284416
12147410
14883178
8473987
11315796
9470270
14809928
11936639
13810598
13319124
13376939
9260563
12830753
9886783
24220473
40616821
32965136
30517242
20565236
7930798
16983392
7956175
10382451
14084138
7200006
32506773
11342382
13140089
6607765
9460683
11209842
21006517
5494394
9639038
8833216
10336036
13313296
6543726
12973297
7921613
9809400
13540302
10105750
7373516
14882602
32534842
26149507
8547964
11754893
14061893
15678435
17659400
9364198
9134837
14845315
15663674
9217115
13158202
20661434
14451044
22670471
7911506
21401095
6732768
14009191
14599764
21581896
18404728
11402202
21700997
22248457
8387988
21858415
11207339
20049406
11026104
13430495
9600053
11764841
12842748
13468443
16834753
10875180
10901255
13637756
14104723
8991624
11387624
12011332
9101290
8665698
16587664
8237884
15125968
13061821
7568073
17170240
7582106
28020821
13861368
11728425
12326864
8290975
15340518
16704993
24584262
7007024
21893057
9317344
23578686
18760847
14017953
18451522
5195560
15159174
15292707
20725451
17219954
9736834
9931171
19024114
8932009
15079543
12525791
13931338
22501568
14175008
8520854
10289343
9702212
14511123
11091103
10807537
24354182
17449502
10324979
12937504
12515468
13567987
17946757
11397866
10231365
10929792
9996434
11385383
8013375
7242248
13126979
14119813
9947383
14596164
14971427
8422917
34375878
10995861
12511570
18369748
10042784
15322535
13677088
7523259
16972675
33357451
15669867
6915562
11120035
16046586
9807778
28226152
18596011
16512682
15810203
9088655
10655242
12632182
7147817
12481052
20739086
11554982
35566632
9408601
11492746
16096837
15389726
12576343
13088796
26215264
12240584
21632564
10304085
16003585
12804407
11938159
9747128
19699629
11198495
8447092
11548656
26324649
19751193
7972948
9982055
26455769
21235036
10307893
10138541
10793370
11771788
11176703
15499566
19518234
11798569
12053223
11588783
10017447
12533426
11340923
14167481
10125952
8142910
13273176
12357540
10685214
10865675
9381320
13635386
15648294
9364759
15800531
12114899
20913186
14809037
19047891
13049558
16220305
42351928
18278717
11088159
12657553
19503445
17886892
9798142
17044460
34209700
25496528
25542015
9734681
10991010
8076018
14162327
10954817
11212151
10915646
8703236
13688903
20095947
12296429
7291666
12132951
15713241
20213259
23071976
16501727
10960883
9731329
17715618
15905005
9690653
33629023
20305972
14680078
14887518
13238657
8293339
24332440
8571199
21237011
23764588
13461292
14678242
9308837
9847141
11386490
15840532
9498616
10999763
19200156
11850993
13169803
15245111
20815212
8243639
20921529
6263288
13223369
11997490
28354108
17227960
20556613
8332098
20848864
25968550
14974203
12106596
10268412
14733667
13883165
26693599
38637576
43510733
9432136
11396494
11248941
10305794
11869961
18407845
24573611
9392702
18260938
12561202
11421080
7907282
10623477
24059598
9155855
10340281
12034872
12042782
9486419
9897562
19826799
12579042
12447664
10726199
11338991
12110135
9072524
17253224
10255133
10905320
15154375
23958156
14188591
20762832
7306622
14404477
11029399
11609153
20182971
11898201
11351654
15643980
8186440
36541940
11021209
11021628
27855440
14251511
9105500
17924060
16782288
15270015
10482437
28263578
15790117
8368957
9887475
28772996
7985099
20521917
10907229
9566091
13802871
9324087
14284538
13605060
12551745
25924901
14523773
9775130
11532766
11145157
6591796
7209454
10922815
13706855
15861763
8254851
18406858
12315893
16637690
20152644
8537641
10836688
11874377
13663775
12336068
11872231
10887212
9911374
15611664
15431957
15336506
17880015
40911623
11952429
8810618
17114518
21104877
12356331
10294958
8344373
8966341
18602623
19396528
17511373
11222229
7934600
7110060
16049583
11246997
14713701
36734991
13467973
21106544
13513913
18678557
10190427
10912287
14683671
17086540
18232423
17606578
19148370
27376972
11975912
18535334
29044603
9851041
12598696
37731767
15938914
11532163
10044168
12196749
9780624
11679940
7282121
9347405
9723619
15794847
15814743
7901852
26316956
14942444
10198648
17035924
12069363
11950538
13538277
9007376
10177056
11115633
16066610
15127085
15706126
19984377
19044677
14615253
16426746
13083354
14716841
12631910
15898766
27855296
34229565
17363299
14573837
13538311
10292045
24347882
15490670
19438220
15380519
7716576
12391770
12610860
12604876
33834704
16377180
13995527
15708035
17225057
12720626
16791493
14016695
14707801
16350394
11304797
11835471
7203811
20966492
12118707
16682713
9072930
8246872
7961341
13568966
12224360
10243304
13172596
16966204
16632015
15277489
13759422
9764568
16143577
10681928
13377522
13610129
21514924
21180095
21087490
9829423
17659628
14100360
10641790
17919091
18462985
14137765
25863763
11361324
16677455
27031035
14309782
15154875
21321466
9619725
18159259
13673272
17833280
21461966
9186612
20299481
23585550
15893534
15131562
13335417
9784884
7645945
17818262
19616106
17462591
24064148
18822553
9842338
13238774
7268199
9567867
30278174
12813801
7896532
14800222
6643285
20534148
11110256
10248853
12370223
8391031
19941924
17315091
15878335
31847993
15173584
12204866
31751287
13494743
13889852
13282430
29759506
8098712
16453595
14711831
14813408
14557786
16622174
21801931
10870278
10580498
10470678
15246836
11228922
10509627
11444907
16224441
16092673
22787113
10892944
8428116
11739566
12635764
29659600
10410997
17252380
10491401
7648504
10535838
17285608
14393040
15682591
26177221
11063468
14384260
29311566
15149652
11045266
13309316
12567155
23565743
12816194
19841948
17114821
7992933
10930549
13226838
10222848
7707907
12056334
17552898
17113309
10291986
13558367
15323611
18055566
19132370
14829986
11199412
12960987
17159448
6988040
28066938
25912763
23517447
10898590
15095146
13369590
17487855
11262646
16996337
21302031
18705822
8418784
7783731
8682049
11818454
18205536
11928479
20750439
21525659
7693378
13184800
20115696
19607244
27746512
17286364
17919061
11629575
29745778
8569621
16076988
10622273
12371772
11493109
17279104
15388674
13906914
26830482
22214606
24270472
31479808
9456655
16703926
15924931
14926647
20392580
14072026
9259312
12492821
19362691
20684609
18567275
10187821
11508932
29270339
11731191
40373681
13238791
35365135
17836216
19179700
23962282
22236948
17600400
8103496
10124331
12792542
17891929
27039589
16891156
12641179
11743426
12157220
10265152
13895518
14817408
9679013
17958000
13741303
11217177
11763359
14741198
25353235
16655427
30661688
15515346
13437552
28887425
20046541
26562228
25154747
17189153
16144686
15240680
10679412
31787523
5910401
17463997
12647727
9665082
9803951
21769884
9782094
13504293
19088525
10808711
20396529
11287148
8620438
23564330
11042436
6286607
19802563
10764831
12600618
14544997
12215656
12559838
10281975
18715623
9744675
15397297
9586639
11694841
9907935
18454473
15016500
9293541
17858439
16342131
40427753
22360604
12257443
27774342
15917075
7488590
12744814
12848441
13756788
16821775
6491469
25752027
9245666
12960493
9164199
31509574
19378876
13068706
28838627
12443402
16921400
10826392
10953218
9904767
10545138
11279947
16081727
19685169
12303060
11687603
9223160
33932276
18273460
29615113
21417736
21871731
20025530
18673789
14236307
13393070
10462662
12994109
31429815
16636869
16411263
16424978
8054480
18677546
16242835
12960095
18823600
17936066
34865556
15147129
10098794
19497602
14300323
17055450
9746145
22366579
12478829
21566106
16451626
13782294
16359844
12036470
19109974
9092112
7959909
8844814
25616068
23561645
17472111
13252733
25894693
15712026
15099375
13898939
13997253
10202460
13566492
16629362
22450042
7867029
21043873
14853986
12351598
30592795
9252698
26318453
17222267
13786487
11409462
16953428
19191887
18429733
25623657
8720990
23149322
13512936
9368398
13199089
18355859
17632440
13830088
23503176
12834380
10251436
25642159
10984921
12399132
12382767
30365091
15794895
13632879
22710161
20849100
18119344
12992716
24303887
14237143
24387576
18417346
9708568
17959828
11716421
27852800
14675616
13550682
19802177
24049311
17839266
21475856
10045752
17929508
9016176
17826900
14358617
28113641
41506760
9824359
13756479
18909124
9294042
15551978
17146347
18143912
24109606
20528756
18155465
9975834
12614312
16501342
22414173
14638166
13027938
33101088
30311158
21712384
14390235
8382447
25873548
12289679
24504805
12414351
18033375
24190056
10512040
12315913
19909720
33281503
30422974
20257688
25915775
29789570
17399651
19700875
13445511
16374163
22332570
19090284
14074203
9804659
13849087
8093185
8763955
12535265
30576515
16615003
15689904
31552253
9486191
24195894
9140522
28076574
23907212
21018453
12032577
11736528
14228250
9589592
13840916
9395962
14543820
20547252
18775386
11557610
19095978
34099818
16743996
12403669
26341330
20761227
20229710
23059406
18119090
12093880
9156063
18288891
12097546
18418603
16321641
27556828
21801925
9832542
12847940
26775131
13121385
13936866
22749338
42018669
21992736
13642259
23206512
48004209
26898650
14261989
21439000
15129838
30888979
27457668
8864822
19554436
19601039
19146658
18370668
13807299
42005449
16289935
12899046
24603548
10288364
23687438
12202170
17626105
16223007
10469674
30128313
15182411
11521751
10124205
31135279
18483136
15390391
21290276
10905442
17937325
18825246
14332671
14307977
22647173
15242198
13138295
27021469
20113742
11519232
28881777
11899729
25463049
12517971
16660236
22272200
15942755
12192434
20173607
34131741
20971550
14410753
27661404
10245562
13210112
17247218
8765856
16992468
14251247
16944872
13342456
13505241
15190161
31614849
24796691
8028397
12540338
19244143
13554903
14612711
8893356
9259997
24567443
12320258
31026759
15263231
21172518
16849798
7749554
10654791
25894350
18255540
10616244
21221764
49378533
31732670
13276465
13530610
16322384
27235519
11026088
14129054
20109238
14664316
10579545
17436392
16706736
19338310
6692091
16681122
28360608
18122433
14183752
16120221
24017097
24595525
18350061
34651406
13940914
20529971
19738367
11970832
12975592
23300791
11935771
16808914
10304015
21419755
23055965
24093788
12616996
19659207
16276515
12508677
7787694
21992417
24230625
18542122
13460742
28405141
19465186
15473066
18281721
23302188
46574247
7936709
24804614
14968337
21854913
15972579
28786789
11652630
9588548
15008456
32385822
13114419
18015609
12917912
15821378
8823813
18219824
10321553
19745857
31391948
24331811
13136551
19535118
13922339
8095344
17649403
20213707
14163904
9717556
12974281
8999212
21921299
13577182
14238392
13193996
13343476
28255970
13279490
18890158
13259948
14244848
17501710
29838694
25961712
16792196
11174389
21043075
7412890
21421845
16691810
13148972
23072395
33115717
27861761
19973919
7723125
15776637
8929155
15133869
24634316
16269093
31859454
18977949
24286694
10146457
7696346
18875210
10932542
27118448
23496978
7541790
11107186
14300887
34925570
12373920
13357239
13341667
13337330
19145941
33426762
16018862
13075654
10157660
10371155
17691560
12225470
15484452
17436245
20450325
13900340
17058823
18027952
13373599
22891722
26401948
21738522
30133702
13358749
17106613
14568343
15187175
21598342
14076332
14198070
22658598
46912603
18401804
12672122
23044067
15890520
21215314
17096241
21427278
18215488
9455340
21840158
14720720
21027793
12268154
35299753
23998485
21339355
18935919
21760065
17138783
23163792
11061337
12688709
12818424
10526459
16189039
14301746
24490244
15018854
16712429
15469072
18836975
21660663
20790088
13686909
27300178
7971977
15434409
12910413
16803934
16066082
11989493
27785932
12804767
12109769
20799210
15343224
17893095
23925095
20316199
15644804
10106063
16117915
20358785
10805002
12397802
21469522
17999841
20560906
19847814
14631100
14667064
21151641
13624129
17576760
12081592
14326665
18495597
15468710
12210384
18639366
15239115
28272239
24174536
19753384
11903244
11692695
15919195
13049261
12871516
23216442
16126011
19005387
17601189
18608289
34482537
16151348
17336687
18552001
12833640
12488620
14115780
14323846
11207970
12536809
21186550
20672570
24917111
12505462
9459193
13164920
14589433
19326302
10647333
18827535
16858857
27094893
13609303
39065757
27039557
16552326
20833710
12625452
24201327
15790325
11838321
21835359
32857076
19675695
34137137
27336890
17962501
26904017
20038750
8215959
13436399
27405364
22271594
33797482
17276549
18208313
25425550
24837652
23052415
14742629
14285932
19677108
17354563
16148090
12578773
10607708
20179168
12593605
13558666
8550003
24573363
20486892
22895661
20960427
26318818
24140897
20302571
19831856
8906697
20887862
11912201
21115733
23875531
26048998
16468059
17292328
13665477
12095911
17455224
24812462
12095730
18535755
12338899
15942536
14451296
12643826
18170490
20636343
14993032
18419576
24203262
16320016
9306924
11968918
16239002
10672645
14981630
42242243
18108112
24258135
24989877
14815410
16782504
13179699
18230583
33007636
10701015
22559632
21659988
14181835
18765080
21863519
14387022
25793074
17175452
17846419
20387693
14898999
23027781
19275599
31821492
12046211
14702218
8987756
11629055
10148984
18026456
18604338
13633511
12228419
22298490
12321398
16065866
16614879
35744855
12422561
29319621
12062313
29023749
18106775
16266109
11835781
22728142
28948756
24075810
19643142
17852051
20724642
17455752
23735051
10619335
20693382
14522319
32588800
16310045
22021108
18427931
17450095
11382807
11358099
24327128
15699275
27224362
19691731
22617277
14689397
21596476
15457600
14395988
30321503
17686489
23662382
33144400
20094718
10161354
28640341
20401553
47919356
27219903
8514641
12041519
15246848
12664552
24661132
12872165
10923632
24459907
25072877
10799485
27651745
13880939
19005719
24816305
12961152
14696714
18765813
41399517
22122202
19233356
18812322
16195189
12736465
9401840
28910348
30345928
22868031
34928148
22553935
16492207
38345997
26305941
21813487
18338663
17890907
37258443
13275744
14457794
11783039
21787408
28689648
31183595
18066628
18042597
27971679
21855338
29543943
23220821
15278716
21824455
13157423
29189065
13534420
38779878
24752331
28143585
25628751
16860681
10056040
19851823
10022920
19061857
18245989
13893275
17175892
13136908
12537144
12548397
18900868
27437358
20454908
14439850
16628886
9463849
13682062
18188524
18527400
26831854
18079458
24150833
17639092
14273165
25003944
20127777
14379310
11330377
17229294
10928982
11723933
16148343
17936197
16875775
19477395
30890544
35087379
19790112
28012718
7978058
19540385
22635940
22274810
24136090
11235284
18162886
23226071
18827516
17290527
13363935
14884648
17178172
15836106
22031302
30013686
16318858
16035325
12039323
14278745
15932627
22470642
15697556
19171027
27609585
11522723
19192168
19075245
14409618
23192473
19654538
28781081
24017845
17472864
34849124
21027441
14914471
14779278
26125191
20831431
23326726
18636961
16457728
25276077
16127662
21055487
12147738
11215539
14133066
22436323
15390775
17457674
17532517
25223972
18266162
20357392
25547704
23240480
27102895
15033079
13958565
30129578
24564036
13806300
17809378
22083315
17461094
12565809
11814589
23635885
18507669
11270532
30081179
17308864
12495679
16328338
20524841
15080169
18770831
21789893
14884237
11440133
14926654
19197848
28870170
24536025
25414869
18304067
23592605
33290034
21964283
14372909
15006047
20316315
17987651
23605385
32928519
33754398
15089319
24920390
12234134
26637868
18949968
15230015
20878623
10346025
21592433
17772721
15199156
34451911
15161330
20656481
10244790
35190210
11910638
14108391
21591337
20313413
16418092
18525304
20355815
25058580
32007626
14693847
16558889
16071781
23761903
11255435
11817335
24459313
20322869
14168294
21634343
15879827
42663928
20916021
21026917
24074385
26307937
26372755
9522462
16669619
31247153
28061706
21157168
12862555
12189530
20264848
17385196
24099417
12818256
28345406
25674772
11779424
26961120
21360355
15347647
23752689
23113978
16801474
15802029
27277065
18061687
11547354
15906981
22374935
21237276
20913435
16635653
20831526
19535127
17171917
16360898
17672701
18412195
12980005
17221931
48933225
34822836
21212498
12643857
24159100
23048451
13865218
19721155
18635184
14867886
11805574
9032626
26231325
43283080
26317830
19845884
27296114
38684176
23360143
15200606
22187000
34317929
16086799
15779977
27195879
26672630
24401952
22271331
15875438
37435082
25601130
25695082
35667773
15930230
18481660
15433474
15422615
29070586
16827708
11993219
33943659
16861840
27002188
14890581
37371112
34659057
24983055
39688592
13063211
11189734
26986473
26625856
15096337
25976845
23049588
19740082
22797543
22709143
15180214
13478494
15590712
13293208
16232655
16440413
11996356
16283987
10400369
26260346
22871759
35835256
23450705
25030803
13642834
15344565
9647255
24171966
33581211
15302216
28969187
26205083
18414777
19770297
17686284
28832496
28352660
14254795
19991134
19025606
19721992
26683139
38301626
9543372
27811855
24382703
17681537
19931469
18743442
16427952
30593891
27361500
15644885
26380239
17390444
20020134
30691932
17132939
25330310
45854294
14294249
27334136
35398838
26122103
13231476
40289080
19247250
14458184
25993335
25410480
21607629
27410040
23274422
25148954
27319377
15376477
18384498
17499386
36595702
15785529
20802349
16771388
23296160
28865779
20058529
15842100
32280819
11990874
13406353
20726777
12914072
13050604
16618254
18294989
15776770
26866951
29173101
16007470
10796053
10861158
14911497
17782612
13298982
23101378
10581730
16632463
13888718
15124336
14514120
14038992
26986719
14702139
25598182
45756234
12342182
28919090
15330374
16604427
29709720
28509360
17033045
16319110
18232406
13489218
12866462
14521131
31538499
19856888
19632054
22366902
14352366
14273259
37669461
8746974
17502547
22590633
17214002
23080630
11450340
38867755
16636232
47030035
36588316
11252641
24979642
23495526
19903375
18563546
13462314
33635203
15853285
23278879
25336063
20712125
17150516
14810340
13579117
22631634
14115919
19542484
29065148
26522495
16751841
13047054
17342082
23723395
31314998
28612187
20808197
15729936
13636480
14207955
22865718
11370290
10878362
29844346
20152324
33039432
27239706
14835552
29937785
13498234
18830678
29481890
15681836
20248637
31667728
27468673
16258307
14729328
27422618
23833690
11650908
17859036
13147564
19953029
16648009
11440414
17165856
14287850
32228050
18751195
16622628
16973840
22936719
28259085
49546713
26146843
9334579
23614147
16731351
10392191
23610017
21711958
24187232
16717360
18209897
30791831
28408058
23828083
24974885
23893622
35437165
17612562
14248774
16390851
26068709
13356098
15090850
20574148
13153209
12761889
25116169
17257115
21026589
19618924
16185192
27938787
19416267
35294102
18303977
20651876
19553402
19187005
28630236
12340899
15054554
30582522
36420241
14876021
42089994
28815959
22646501
19482559
24564625
22430786
17128688
12566500
15316603
35297692
19785736
15909198
27714679
34209983
25980238
24192827
16571551
16430450
12131409
24898209
12983021
32991816
10987423
11774137
21584908
11360153
20626460
33781952
18442401
13243852
17413497
15164944
17158995
32146375
26795400
20745030
20074005
27360096
23387340
13076696
33024699
38340281
20974306
19813518
15086074
23291111
22379090
21280304
24660490
13669485
51045236
17097922
12799678
15798849
21035906
20164189
46510419
21658995
26155198
25827222
17467026
14967004
16836217
14233665
36832006
31797323
20255312
26802581
38689766
29956442
14027550
13203497
20702158
10012721
17386054
16455959
26474489
16004800
26157138
18388276
24034119
30989822
21027953
23505762
16328478
14308994
24395883
22614235
16063910
18403957
30891401
23889132
27118124
15816988
13863665
31923986
17860982
13977140
15589652
24354939
23002636
18512072
34307875
26135650
18628210
14754528
18584681
20164206
29874993
17648921
11394063
30101385
37492511
13517544
25781903
35091766
11911457
24259720
28752000
11956163
39426768
28254776
13506522
27339847
18360029
43441776
13537312
17743623
14269318
18910782
17954011
16012259
16940164
20229581
15835442
43481732
15343071
23386851
14152865
14462042
13041683
31447117
29104792
21896503
26150015
16730126
12994123
14786359
18999267
30068084
35033430
18440524
20501615
26666268
16544841
14130903
20542619
26897933
23668523
23202172
37225427
8913882
22673754
21117258
25360311
17737383
46968322
28930094
42864986
22414348
37139232
16740958
27568153
13580854
53935690
24527360
15424135
17776121
50309408
17323181
28918357
12755649
20759016
24648264
25040895
15879510
25179640
30184352
31852736
19922928
17833180
35044328
14163781
14623713
31835826
20624238
20359576
16247258
23700869
24274425
17645781
13898171
29117150
21293148
49178501
23558076
15829961
17611065
14048011
21104261
28280323
15536400
15360678
22265944
26399532
21065903
28010597
16046879
19253789
12679667
16347170
27072919
25465346
14602039
36347053
32591803
32006480
29501344
47029853
23197568
16751883
21273404
34607790
24927173
24987299
11249640
28004470
16073431
13608075
18280202
15365363
22799511
30539334
12726035
15643416
16797630
26090981
25319785
18687974
13752191
26640115
21326969
14013082
21962330
54444014
25790783
19722756
22481659
22013771
24501603
19976532
33732149
12117564
14478400
20992767
16804162
15696427
18482829
31910123
15967826
20563238
22343004
26474052
12143305
15625121
35255011
13301233
17450331
27894881
36723256
31914877
14953663
20370445
31359298
23637941
46265115
26763714
20138279
11946711
40827396
12759667
15872374
28714545
19622573
18831372
16393426
19668661
23870899
17386924
22885708
22902418
16881131
30997145
14852519
16169063
53933347
31713010
16618339
29892852
27099594
13017048
23364853
10670648
16723865
31579244
19474475
20581573
25321413
21165979
40966605
60493860
35739676
35427189
10962577
23253335
13784096
19947960
33844057
18803348
16906108
17088581
17085722
25870202
21652177
22203657
18368468
13630234
19548353
21559570
16463918
17367031
12211710
17589365
26594826
24837781
24913898
19128425
19544801
38525192
26096163
12670090
38722148
23401473
21173289
27352301
19844927
16726741
17477794
14496150
25808242
14903894
34537033
29293425
40942505
18994268
18982052
36973778
18018463
10508671
21688732
26679900
26747423
14417840
21175334
16191784
30632206
37973060
18245012
32935671
17137024
52359659
20530810
23003619
32850624
17878115
11566630
13071085
25842481
10775142
18813342
14796753
17499837
17029109
14326245
22187510
25331764
41335977
44172318
22226102
44882889
16255337
43203437
17248392
17166554
25477448
28204031
26142453
16210284
58001774
34922904
27315002
31011306
22380301
61245823
19254170
41539028
20640471
21959457
12921126
13219541
27925382
49390794
25028279
26180940
20962244
18449729
18914216
24299740
14106044
14270085
24395757
13732218
26272534
18166741
15231815
26003188
16970218
21709961
21459297
36006215
22118085
13258112
21485201
24965820
18396395
41302150
19920261
36132136
11912217
43865630
30062492
23047119
24737385
14838744
22346798
22065988
24277281
24877835
34408899
24125345
37760322
42912124
33995768
12911707
27362015
21534074
27441179
14718327
19377870
18961388
21372013
28771039
16304928
19063375
11785768
48905070
23341080
24749411
17125443
19638495
22507517
48914780
14612599
18184295
23449936
20697266
13917198
52658337
24542431
14822664
28710537
21332075
17992880
48947611
17223782
25148628
19543312
34661734
27964761
19170415
17599146
31192216
21259130
50921519
21823505
17078242
18830379
15329772
23229685
21834682
23692396
21306562
17756292
18982515
24718655
22171847
21339663
32068338
18303593
16538706
12989845
34705454
32136641
17584733
18391629
26388843
28428065
36986162
14201740
18780038
23252209
16031118
21359930
20749619
22017360
18455345
21653102
37860226
10179463
21221689
16677078
12012380
27177530
23175143
27028386
14846804
26592079
30713083
12467201
23689756
56241467
16366595
17149525
22714219
15793321
23297660
11025270
19069414
26895713
18383301
16377844
24814554
35911634
11012739
25982442
26431761
20980817
18410756
12693028
33852016
54361217
15358563
32417958
19096968
27735014
40502609
34197261
25960783
19622412
17717066
13683065
22605986
46910297
16276907
40485704
15041453
36801311
27476443
14795915
41208883
11765947
14828845
24488022
17569833
22681406
23467460
19099614
18434019
23404401
22223394
22482850
34689296
24109659
17481853
21430425
27023372
18075483
13585626
10556977
24787932
11618545
22589999
13241029
15321011
29008383
30828989
24522779
45616897
21919998
25870834
18631353
15835017
27550336
25365383
18987997
16871707
16804933
21741630
16741743
18965421
52522007
40266910
28166028
26014122
22177493
33688172
24361918
16077023
14148598
33560800
23704287
11041936
22735142
30810383
40195707
30285586
18330673
31532965
28685758
37359752
32854409
11332192
11171258
38569639
53578881
38797143
22987388
16441501
34763307
19320830
29919993
30601276
14182058
14338946
36602897
19762153
23698205
27027539
14418541
38254492
14838704
17714494
31498220
17464423
28718320
39230878
26784488
27129320
12227584
17387899
26558193
15486700
21310659
40193679
40871537
35455093
16976130
27319901
33498842
34039895
33562375
44284924
17201946
26516337
24921580
29075540
39435105
21258247
37484339
17322533
26181123
23892882
20825559
30880409
35396050
15878215
16172187
28758873
25880640
14924840
26952609
19358932
16349035
19101422
24852192
27393463
24394786
13662850
24854135
17632146
24585042
24699731
18266166
44032406
15525516
28452223
17118645
30998300
17819234
19140918
13016004
25007929
32544776
11885936
12340515
20328974
18063691
13870598
15118436
23426199
20859724
12391505
29282897
21320900
12964925
20550683
35597335
38111048
23310225
28113604
19324924
16308112
18490687
22571993
21419608
16709261
16363039
55869178
45908898
28367221
12731252
18991586
25605400
25337060
37694241
23735309
17718417
40758141
18102837
41672915
23096470
13820985
39211902
16822849
36309648
26706774
25057288
23113627
16784119
33230754
19277691
17906385
28954259
32863046
30815794
15647743
11093120
22804987
30719467
15988658
18496408
21882646
19413642
24452487
45742668
23003667
22529597
21670988
22602285
43468474
46426504
19997848
18563455
17861033
16634605
27941885
17055879
23003496
25563885
35947827
40495725
18340992
16050712
26062701
23660224
15720845
16761142
30260665
27975660
20045905
23944198
17016729
20095876
24842956
20892615
21525779
17582752
17695057
35567114
12607649
18497538
14725554
26052194
28013130
16465955
25594407
13270998
34329499
9676527
14156817
27012413
13735521
36687788
23836184
28015802
31915099
24929780
33863548
14489578
29977850
54397695
18736902
20694797
25531055
32824559
36822316
15425761
18012567
16725661
23466878
44482827
13942654
22904387
16022005
23559590
19663449
53898643
50569890
34106744
36293152
21603572
18770323
15798923
35474760
21857412
42552138
21333938
16884526
31932065
12063045
33956741
39954426
18279448
11421257
30514549
12020084
70679891
46042583
35528317
15912743
23990383
38004277
17288435
24055016
21449577
60416177
22779386
22356992
23905051
24354636
19423152
23004962
43436185
34150146
21255224
19150780
20781921
28472575
55459893
15698401
15722599
25322625
23974607
18753575
19501964
11141919
28404751
19929768
39899484
13529715
32833451
17759892
31369097
15972711
26776777
21766307
41739745
21853549
48355208
33879295
26106587
12779228
26904472
35452799
43096034
22929969
25267498
39393644
18971581
21478300
29264226
14729837
37879903
15148866
16863806
26146038
41229065
15424631
31595460
21759142
17029768
24679753
20327655
21821314
40329598
29584515
24527939
15006338
18880706
18469127
26148845
23305341
29346989
37312385
35109365
26161048
21764616
16005351
16802507
22294368
40210501
25720019
27019836
25292808
50326226
14073794
22321204
24696595
23805462
12864930
36358117
22737688
44212242
27088971
14658960
27627168
18343203
33438409
20388865
20693702
26662000
46723885
37713137
10248961
13539944
28642354
20394340
22312730
25114312
13016614
24362629
16369520
18106312
29192207
28695232
47439937
35563462
21984019
19674972
41369465
28129418
16416974
19942999
19023048
18291724
30745827
34967137
45682147
17688606
28213962
19288258
12029710
28065726
28265051
27280101
19368443
23286930
30078226
22084212
21516952
39985867
40427303
24485786
18066946
23547242
20997747
43601155
25464142
14561735
34653199
33507283
17498870
18397232
25458130
13147926
15140962
18254955
21399432
39449938
15482042
16018491
22679494
20928699
20353936
30863813
57697322
23977748
36739187
14654870
17958481
26972219
34569885
27722563
17116194
27081915
15276965
28850534
15852578
39912893
18060878
21421369
15775162
48195843
18709900
20428755
22886989
31788079
18713485
16672555
30253525
30983965
18941593
29456251
25689641
32400729
18210835
32004112
12041637
23083468
19783678
21329622
64558740
38113566
33182511
22879782
27688380
30207924
27014936
39302947
18758269
17807210
37795899
25968475
31444386
21392170
20390762
31182418
23978475
18894322
39294243
23307654
29711571
39005118
30881339
44718849
39733100
17346949
55075938
25474292
64201804
14275322
19053998
24795438
14319494
46556249
17369368
13319834
21083884
52807078
18963858
29630133
19682636
31396291
36637752
28683738
17941498
21585943
18831613
16097387
28482858
22812426
19629117
15624844
14865375
21476495
32315600
19071428
16041137
30686516
25606657
13214861
30011342
17054069
30175751
33042536
15325983
13366871
17751694
30513649
18073738
28662431
30190527
21559159
29337629
14816868
19002486
23403316
18397040
16854757
14187414
28087983
22188040
31080673
28398345
21902530
18652327
18352113
30456258
22283067
15077944
30101356
35397047
23395496
30255408
22111310
18133564
25708610
20478429
37987140
27972409
35047522
38940255
17091826
39126657
49658042
20692506
14294565
24414942
26587024
17702866
18913926
50172586
37633461
31217811
12714081
20683454
26755522
26840778
23427007
44019863
51773713
20640561
20378861
18323314
35930288
18590797
19720326
31769374
14317124
31182360
43523976
24264699
21280628
42889579
30383448
19706550
34290276
30296704
21304499
20851278
17842565
28524122
33261369
26105077
15202894
26616366
20321563
13477627
25819401
11912488
30758036
38175030
29113907
22915463
41074417
28016265
45257421
31015684
45570564
30154412
34621511
27918610
32753192
22546354
15101136
27756951
54890312
22957387
24198805
14940023
44873966
30683714
31232176
21547736
13142477
25129261
30466545
17351030
16685197
23229546
24683392
25615661
26300162
33815462
16325782
36387983
38685523
22857090
25541352
33293509
26081469
16062851
17587787
31155572
38884498
30597972
49872064
48385696
98634019
34880071
19119492
25191076
21800122
22792686
22520797
33229462
33284735
71301172
27193303
24881118
36776393
22197016
36033905
41445255
52269343
41433111
31586633
19731116
37363098
36432718
21094591
35792999
15946627
40717480
30939986
39310460
21394971
19419103
39698091
22940140
18825254
24637557
29382993
15023827
38283503
23188687
46775885
23491241
22824581
15382189
18715247
36599903
48186195
35361974
25446961
55352160
17512639
49326520
15791769
17029361
31327851
17394637
16568419
30081227
30554323
24819038
32910036
19754105
23261153
20699214
33547718
24808665
28528055
19144686
26985344
23063856
46858382
30843646
33278684
19295815
31615438
16268464
32791506
10379519
22783736
29569952
24419595
22459418
32082464
18183489
44720641
39012175
43799654
36347341
36490923
22050990
20983818
29923860
38801645
38257898
25351087
27669380
21948391
25082369
31479508
17864387
33532184
17623520
36886959
14836009
32063736
17410063
20705598
21992371
26343050
27512376
22771576
44267945
18973389
28927734
26054083
16851870
21390030
32498271
18285893
17871083
62541604
30575676
31533797
24210117
16000914
33996220
19408997
18786743
27443001
19764771
13061042
39560296
15683831
16110801
25252766
21913581
26916558
21843613
29144078
35781448
34076586
27841874
26419053
36239033
18832381
26081281
37406743
30069144
50825060
19755840
24998661
47727836
18174587
45396967
18908056
13504672
23589307
25258213
28843633
27051642
34394850
37516025
53308032
25936947
18250437
16275990
13585679
28332399
35433606
15564279
35201216
16768487
24288258
36378062
26138919
27026194
25335003
24679030
26013285
21920856
28555113
17576561
29932661
60618433
18755056
28876934
34370983
44039758
31461832
27121110
15503571
22049308
22533956
15723174
20054458
28690723
21870006
21638388
23302283
21186114
22239948
22023328
36333376
26766253
30226679
17439332
24248655
19577222
46019831
45804785
11877633
17457260
41153228
15423386
12407705
31111842
18407848
53817508
22290214
48871464
34591479
29389584
19342984
36863979
26300789
34520470
28652285
45080748
30930264
28414182
14834987
28616527
51434644
40107821
19497151
24730678
21847079
31372539
39834821
39888078
34722498
15917173
27443375
23634021
42958564
45011831
17443852
16624372
20643117
23591533
23307046
18224664
16835770
52167618
31423655
37571989
23777360
20250295
25955965
38796877
13786664
27453341
15959218
45304449
27106046
19012189
22868761
19244754
18228608
34089590
12414379
35143276
20785389
28244726
23607140
29404461
22922620
17692287
22464020
31492476
50581702
25825600
37438924
19957693
21508700
25170765
26297852
15832832
27571895
34489134
22876042
28394591
20423068
19941499
35266681
31387514
36700235
30126652
33914891
25021473
20106739
56649973
15128066
39988377
41151237
20481266
17075112
20168649
22367431
38006585
18192625
37420709
19588430
30557879
25479197
56205975
54792895
19563352
20628530
22473083
22945346
23132181
30247264
31533480
16066526
28678947
28211636
36421971
23078633
19760109
23276871
26555330
14554809
58903070
32103479
26920377
23018852
45737846
35459786
36427953
13124831
41328510
26629779
35123485
32800910
26245878
35384698
31746726
40579508
43310408
18061638
14842978
18562886
42127363
34010693
22966434
28437446
29305671
23370516
38618076
41525216
22232682
41833725
19514190
23233318
29199357
20277057
21210651
50586356
43304829
18410463
44907814
21346842
24288702
32894777
27062522
21022061
15595774
73411169
18813529
37406517
21929310
39808742
33467145
20703012
50207740
23762807
34991398
20788070
18372164
33425808
37141839
16406830
32732322
27831599
28373170
18657149
44585050
25196480
38388467
36143071
35546993
32713287
27911254
29179936
43656535
31737401
19287770
31973171
31078705
15860730
19949485
18999692
36620827
17924425
12177655
22503586
20923426
31922061
16378174
31258776
22353396
48812633
25805517
47242473
28462478
26419419
17826054
16122573
27622185
22619278
29623849
22315327
27010305
24224653
23543892
27411929
24639801
35413997
40815558
30254117
14579305
17256361
50970711
27078112
29366763
25224152
21102846
21058751
26067525
34477003
25091360
30246927
37389089
24971093
18110895
40651962
34592571
31685241
40323503
25094268
18010636
42293954
25627288
30630213
20437688
47395879
31466128
17347094
17113315
33533398
25166358
22770165
32235449
19788133
26568354
26092599
32411199
23506946
16794237
36271469
30028917
40271674
20678826
38054332
37701628
40127581
27998568
11230781
77651180
35365709
28664118
29990773
34304110
32208019
32958946
26274548
21085254
27434257
16671715
37234362
30673616
35040465
18865751
30936272
22179376
26047223
32137429
41467209
79990917
44423706
17302268
29616216
16351483
22266447
18834478
31644404
26469033
27755327
28263577
48407117
16258008
25363523
23758894
21245357
37732209
18545308
26222387
31214082
40867090
27350340
27423577
24707335
17810769
13698083
34416118
17916825
29767440
29406061
16357184
14993135
22593702
49129285
26192256
22590136
38663122
17335332
30522868
37529239
57505430
22700311
23007410
23816418
21340195
20917773
29875274
51089959
26151256
45945122
31743586
65460146
19239950
25643860
25497619
20373642
40492041
40004702
40331639
21323701
19790519
48839789
20026164
47149854
43789796
33624260
25454435
12062754
52874036
49186233
30654939
19236799
24003022
45073180
34225191
31377690
17053285
17811347
25068763
34002587
21523476
24248706
45472693
40219424
57443799
67417401
30879617
19862169
29866972
16763317
33159653
42660818
28362270
14981921
25079237
31781272
45570759
26962176
34250250
17057452
51460135
28928205
28351855
42368751
21171627
45644013
37487511
25412067
15468229
30011625
29575225
23838593
48277683
17218539
17598840
39713600
55457999
21178732
49196666
16281823
28943847
39458512
35100963
24865263
26519518
17994625
46991507
17353975
32008839
19595581
29161645
16870289
46230707
19063731
24950077
41882997
19960847
46203543
21754165
26096598
35353357
24017523
15839283
67848254
33313454
15946980
31921570
20102372
24304880
33637582
40757226
41289220
20895314
23010216
19482827
64994592
20584278
39403139
15216862
20632226
40153307
18042735
29536551
22326393
20983276
26498662
12373100
26003669
51120790
58030986
20161871
27452321
37939293
32220983
15982258
21476953
28161309
66293236
20153593
21470242
24900231
39551625
23307536
23724262
