0
783817
421322
118290
187438
603961
653510
303166
642532
348679
410696
450994
728012
666740
658204
235198
434315
712979
109287
583218
593866
797813
369810
880858
358370
196148
633799
389846
922185
901658
366450
614307
851072
380707
371660
701199
420207
330705
419148
636561
419387
306908
529575
534524
1059696
522918
395699
745658
469482
334177
332381
845720
1142518
299751
219155
616356
219481
421333
515958
361089
542484
196281
347401
550706
498161
493235
263999
502416
711086
244097
409625
627302
517848
703975
531583
587170
1030724
737777
422305
278491
610090
715921
608829
274842
360758
463059
823848
343374
1374029
1158587
712029
380905
500549
404648
561193
852631
360194
565308
680364
1559026
190310
522921
254633
743452
470836
523212
563594
1259053
869022
547468
323367
764403
516335
255675
491328
724596
375266
529729
647917
802932
582517
744989
696237
976877
157252
837669
1256210
658484
543905
282613
296448
731530
51061
245383
392322
411938
888497
804892
432558
456421
675925
641164
591354
955507
536583
333981
453236
247784
763523
498581
373942
621586
318221
570305
252112
859901
381890
867083
362823
595474
424638
934670
331112
415420
693014
747992
437653
672948
1118960
362232
348275
201607
1062263
509653
853417
413777
542732
407485
785222
1018662
967207
1103992
513454
891458
890561
488965
1096192
247235
404423
610715
419
1281201
358249
585545
283125
724273
808164
317234
829988
235472
441725
356776
391885
529484
440354
266567
1045668
471917
994026
352166
343119
1173554
775281
529609
471946
395432
1089630
813584
940035
551599
553670
398515
507205
376111
1234861
427382
433550
108204
1668093
579377
642709
734327
509590
334102
304986
787147
391549
502403
442204
905241
589018
524413
613712
849118
925473
850692
243501
967937
373977
445859
732161
800147
368584
824196
522048
218578
643018
940256
109261
1223613
799442
799474
407149
910884
474847
358620
218500
617308
536468
875446
623759
783116
188992
762598
615398
400683
782924
422910
843978
467712
560195
937062
968961
653231
691727
710848
694940
533403
608360
736983
653300
790478
466142
1033897
629062
692042
131267
1157815
525231
645925
434
375096
522165
582827
657141
880384
481137
726397
522389
521626
166150
456124
718277
374708
884887
1284739
1046572
182429
592116
947886
658619
760760
1149189
507031
561018
825988
810708
398251
890771
356145
796601
939436
995438
1015643
879225
456140
839323
1120533
536583
1065319
407787
1105791
282203
890896
834804
1176254
684542
401
1167654
1210136
1209366
686565
1269756
706646
866628
260329
640482
234092
439980
559069
809449
891422
673540
1358367
639432
638606
453703
744008
740195
388618
497832
504472
383773
723707
666383
779291
1172387
861626
568926
248248
1536325
649878
256653
444459
846342
781288
1032820
725524
587041
560803
353887
1179793
795420
880299
940387
647652
823433
773196
591779
923423
783066
724910
745717
1080036
1145945
342145
775838
484252
521004
663230
928473
815842
539541
1148545
726585
600801
794985
530847
294288
1174642
956106
1239841
870945
679315
1435870
976892
1122031
1129529
1169254
220135
1342453
616944
534209
1324490
1303845
825445
1526792
742955
1495404
1110379
702530
1612207
500901
1264992
485204
928649
1131327
1413421
709623
360402
632906
631675
819209
1208275
544428
360235
721457
498729
803210
1006536
717389
668190
590948
509825
312393
643310
598045
937938
692850
505365
1757537
120223
335312
898556
741717
683745
599520
443155
974698
423463
1557546
1137174
694452
823851
520091
758553
727424
1317035
510004
867158
601903
818015
1347821
825865
678235
609802
1308292
209492
709215
427706
777101
1506261
968915
1213179
1715800
1376352
1791329
997442
529084
940044
964940
582529
1067601
758670
890917
1628373
1677078
1215450
485626
1111512
883503
778340
1136938
693995
948761
464925
708803
644037
1586846
923007
931168
870945
637344
1932901
801082
327917
1237771
845815
499928
1062358
812805
501049
1123524
743810
551330
566233
1289347
482598
1046905
1134837
1126998
1592433
1094993
1100222
1122319
1025118
206476
786386
705341
651657
587855
1057279
689360
1051448
967483
631293
769539
800137
1562928
440254
460494
1045665
319384
678388
694373
501878
595506
1125729
560855
981993
634752
608723
709510
1142964
919172
1206135
690437
888705
839590
987187
1385414
615995
824241
577248
1490972
576146
345626
1284435
934560
1138149
1013955
811414
686145
684035
1055748
859826
690166
1512528
1302599
961079
1291724
1057269
1052139
1518099
811346
1079151
1010169
859306
242708
955793
855901
569350
1051466
1004541
1055505
1174488
1016672
977364
1005501
921715
770096
621576
878549
1590759
1157906
1031105
975751
475384
1019771
992316
1026975
660025
652348
919340
1066237
874625
1428635
977579
879376
693053
1430793
760611
804073
1142506
430835
1220410
1008093
992635
1736157
951821
1516089
840787
1667700
1712717
756423
608712
855297
1706971
1136919
1149055
637346
872417
1145923
1358993
1159484
782131
1391561
1356517
728165
1453212
1979578
898298
1114284
877758
1196190
502858
1139288
1224342
856037
1457011
1365216
1658510
594388
1235770
711171
885440
756701
1576082
415887
1371603
1113848
996077
1088231
782497
1029628
1101885
158528
864737
591941
759072
1566849
1158300
1536450
1032034
1005264
671093
1126869
1925997
2211309
961573
684145
913184
1461732
580193
1062282
1313778
586603
1181333
1985964
1809702
616929
1392623
1014748
1332656
703725
1273329
618416
1212401
1007660
969443
1264644
654116
582049
751759
1468428
694437
950811
534215
981483
1977337
1307126
770440
1685017
634620
1087056
2097702
1086361
1144299
1119382
1601038
1209327
754444
1121661
1285282
1054213
1257755
1399389
2449576
776156
797956
790986
938434
1373215
858861
212541
995540
999833
1047826
663120
1323139
1380375
1209930
685268
1469183
645438
809292
1718603
960919
858098
1390631
1074188
739161
1276597
1020552
1513122
1576277
1597604
1323002
1687919
701609
915341
973107
884148
1036527
1126084
351893
891877
939511
1654027
666279
1276081
1206383
1027568
1296560
1024982
1152931
1288771
1047635
527120
1322014
1018635
966844
1580304
1493130
1676435
1266448
1349423
998404
1059758
1307906
1541358
674502
1096871
1649819
743035
958395
677037
1079450
1185207
1061381
1013651
1016629
639152
1022767
1622930
950804
924451
1286858
585549
1148925
991788
1402544
878399
1387010
486962
1712084
727041
1052727
978019
1644953
728372
1040760
1699824
1019281
747733
920108
1962178
1190501
989309
748507
1355962
1120906
400991
1254937
1195327
1126111
2096194
1387724
1288874
547060
1225148
1349471
2055176
684161
1265233
1723851
1389650
997423
1632220
1841100
1174026
1065610
710956
1103838
1514384
1038284
1409454
1608483
1495284
1253121
1493318
1279226
784925
1871688
854775
1906125
1703061
903606
1808839
1446959
1398491
812429
1194910
1357480
1372296
1682069
1045753
1237612
1257153
756299
1158771
1013445
1374480
1203628
1455066
678680
1022030
946689
919999
582625
1298993
1593211
1177807
1241122
1007269
804522
1636984
654078
733301
1794695
1641611
666192
1187474
1811787
1942903
1623809
659105
1040758
1324208
1045541
1826698
1674469
582490
1093254
1735700
1496390
1628906
1422858
254646
621660
1522844
573187
1271925
1125839
2120898
732289
890171
722289
1630912
1421920
1261967
1024688
1156695
1385537
686697
1465336
933990
1462434
1970610
1268888
1433904
959315
792876
1175486
2061252
1138239
1313105
1641971
1383010
1294296
1111151
677119
1174837
2046881
957737
2334423
608581
1396904
2244158
1487430
1342503
1140325
1394203
1184767
1023962
1262348
1330064
1565281
1966504
989801
988863
1316633
1423377
1733970
593034
1219784
1545491
1669007
1837752
1870452
1274647
3116715
2184625
850290
1281036
1358152
723486
1140364
1282788
766471
1022739
1483965
1301950
893647
1091710
1137133
1557643
2165511
1439112
1773908
1489352
1525743
845683
1044262
1086501
789658
1392141
1323484
1608396
2242944
1501193
1266736
1845405
632745
397176
1292694
701311
1774886
1309416
1552301
1179074
1804203
1283070
1885144
1436767
1642800
922265
1494547
923286
2164059
1111286
889346
1735856
1234651
1538632
737916
1236091
1193992
2645300
754932
2603899
652677
1158312
1252377
437663
911573
1281599
1075251
1597765
2543993
1498790
977078
1034209
1552460
1185275
1323099
2164683
1666614
1265483
656741
1197815
1560178
1647424
1129340
1797630
2200194
1195392
1349883
1177266
1433026
1812449
1064022
802679
1405015
1565551
1743313
1046473
1611739
1231930
810070
1202674
887441
1143822
1092079
1349578
755059
1506875
3057072
1924998
696498
1551752
1417215
1001873
1954058
2173688
2103022
1397611
1088094
1031441
2262489
782046
1730360
1506774
1248778
690157
1176393
1528415
1119053
1334633
806591
1605458
976210
1735255
1876007
1993272
1486123
1179874
1718401
1426591
898678
1852062
1076769
1344329
1550903
1368301
1280034
1662160
1735225
2231863
1142427
2172508
874821
1627750
942373
1128303
1018863
1495566
2288175
765422
945643
1800633
1256404
1061735
1419601
1495158
1189962
1988734
2279096
2147347
2289322
1252984
1066799
895925
1618129
1318672
1156865
2315974
1193003
1345994
2002091
1183117
1164105
1828903
2396091
2285659
1830241
712243
1048966
766865
1459119
1204896
1392693
1471313
1506805
1136024
1769174
1063153
2174882
1155935
1604546
1624181
1112820
2771687
1364579
1537722
901406
889976
1359001
853190
1035020
1430472
1859496
1832831
1985060
1894934
1862459
1216814
886915
2159043
1389735
1032163
1547293
2356599
1034884
1516630
880800
1098825
1361002
1320682
960050
2200827
1419791
1219174
1126365
1915195
892898
1002697
1314360
2397885
1142675
1296589
1088189
781750
2232320
1631871
1297452
894936
1860364
1298690
2306912
1879642
1231375
1375308
2393799
1318360
1404929
1817182
1337212
2470733
1356725
2321703
918879
2015405
1795557
874770
1163903
2115215
1349387
1239402
3853688
1609240
1518525
1439523
1790219
644704
1862927
2136072
1502763
1169590
990045
2104749
1150829
1563430
1823009
1846794
1461229
1279037
1838726
1303453
1337516
1342720
2402340
1875427
2094398
3146934
613118
1711069
899684
1199409
1453329
1446993
615304
1398882
1563283
697178
1320008
1514248
1891344
1675508
1242478
1385376
1636700
1712875
1513323
2611008
1690096
1162318
1410989
1167530
1727078
2166062
1362722
2210965
1517721
1236785
1499707
1507230
1774602
1486289
2259381
1799395
1732860
1718104
1671912
1429867
1300443
2209682
1557937
1287394
1651162
2171038
1131178
2093024
2181951
1242950
838534
682780
2184336
1645180
895445
1098635
2074745
2237256
989041
2032606
2284324
1976783
1835115
1791831
2160993
1345696
1402337
1674735
2031838
1229535
1369005
2279730
1692837
1786780
1891005
2551486
1204803
1162280
1660339
1904631
2315538
1917736
1297205
1323890
1500855
1327365
1524683
902493
1424125
1732584
1790065
1803242
1750571
1229948
2283831
1965079
2080601
2975656
2807267
2175527
1804331
1649801
1498104
1477681
2042138
937175
1245291
2188308
1030165
1674627
2320846
2256643
2041152
1506597
1838851
1564653
1402116
1543823
1524628
1272592
1266160
1956060
1531807
1971066
1838073
1355356
2213341
1700308
1802919
1402129
1089730
448424
1165161
1636586
2367235
1184367
2186458
1783808
1118367
1897451
1179331
2345927
2766634
1159643
1165839
2349169
1788446
953489
2090275
1018301
1999181
3033837
1735474
2204665
885415
1482340
1758792
1296390
1895105
1555676
1202023
2319648
2035860
986374
1896620
1283679
1978797
2002881
3378806
790713
898844
1985405
2173002
1737704
1936059
1536678
3251345
1449329
1459518
764211
877580
1442666
957492
2810218
546153
1379643
2109713
2696635
2889650
1839760
1878269
2217432
2236216
1133114
1671644
1581023
2023764
1838811
1806672
2501351
853431
2258074
2265919
2559886
1567087
2168972
1182110
2245124
1212802
1563996
2079525
1185636
1811790
1526966
1215511
1756503
2481834
1208130
1658237
1333024
2062334
2414407
647724
2413957
624967
1109561
1841415
1184521
1556054
1740028
1805641
1557421
1733719
1325926
1174956
1726541
1666578
2032630
1540597
3001949
1644410
1972576
1580062
1979161
1349625
842391
1767949
1085294
1928639
1408379
1477710
2500061
2926906
1930493
2067800
2707658
1841397
1744546
2471977
2131157
1139882
2567090
1103966
1384871
1631493
1275071
1519845
1911690
2260578
1605164
2770446
1159745
1183899
1136920
1277478
3243885
1211277
2203576
2414772
925195
1382927
1396857
1629270
2926826
1946063
2140063
2744357
1097236
1433008
1719582
1736942
2542127
1237172
2019534
897925
2542663
1341703
1579777
2459270
1470942
1891923
2305792
1966852
1519589
2420225
1403134
2214904
1454535
1215696
1798399
2044556
1583730
1880612
2166677
2135877
1688117
1994104
1824027
1800219
2256985
1643591
1525106
2674708
1636940
1385314
1368442
1342066
2232875
2144778
1859384
2881792
1155379
2892843
1366228
1897493
1501320
1915120
1557413
2202704
2037550
1448586
1211746
2091913
2440684
2275291
3723737
1465991
1892109
2622665
1840832
2514963
2201667
1418838
1713139
1474811
1136027
1908166
2421471
1543676
1798324
2250717
2677881
1692598
1514978
1688095
2077338
1441384
1495795
2190621
2285775
1292030
785774
3116749
1888946
1812233
1678377
1890100
1677553
2178052
2881085
2039232
1333746
1521905
1769232
3114423
1226086
1729555
2002432
1636543
2226463
1891274
1720069
2346249
2731306
2549059
1277293
1978936
2737545
1387693
1994826
1887164
2154656
2085636
2362115
2759121
2091761
3683863
1648936
1578528
2083149
2224844
3397401
1989132
1007692
2423677
2389117
3325024
893611
1554219
1889937
2123883
3736711
2478472
2166953
1841916
1399823
1803053
1521061
2996447
1513927
1811506
1784519
1974735
1673881
1671716
1987056
2493763
1540307
1721488
1792004
2658218
1861552
2185140
2823652
2426872
1979364
1622234
2406323
1890516
2634298
1837818
1211986
2166364
2928327
1875100
2069245
2002255
1322856
1636687
3103486
1764783
1284801
1814458
1558681
1580404
2373655
1533843
1062569
1395640
2184133
1952861
2338141
2704738
2222210
2133831
1360087
2265364
3378304
1896064
1935027
2839910
4018396
1138092
1950795
1761002
2744167
2816823
1999279
2633273
2501457
970766
1130939
1437947
1798471
3078464
3145499
1333428
1823419
1439233
2213486
2575824
1117671
3224602
1841399
2016821
1641624
2821532
2396063
2641855
1535391
1032619
1610710
1895965
1553222
1453365
1928245
942871
1540234
1302173
2314506
2242618
4114878
2240916
2362007
2070643
1986612
2500165
2473154
3639901
2405145
3731647
2330764
2621547
1648204
1349139
2268644
2611325
2307178
1512814
3787685
2112802
2956409
1510376
2000895
1148307
1284187
2271673
1068696
1972353
2980684
1562548
1580256
2721986
1804110
2019564
2569272
1696026
2679312
1552170
2321950
1765538
1850089
2885131
1136362
2293573
3005941
2938138
2252577
2575174
1761399
2056695
2360579
2187061
1785844
1461773
2576134
2740795
2620917
2896461
1810305
1154951
914761
1944100
1784851
2182404
2213088
2741409
2100886
2141594
1648963
2026883
3439284
1704513
2524226
1909771
1629065
2037123
2253424
1827860
2401837
2392416
1538690
3955159
1524812
1685593
3040479
843718
3706231
2825129
2125680
1524422
1620344
1274976
2964611
2703606
2585274
1530521
2593076
3003012
1604836
1814645
1362081
3872833
3141600
2029130
1573494
1979046
2168224
2182771
2270263
2211958
1523894
2242057
2688421
2636694
2348771
2883980
3054000
1875753
2460786
1954175
2367711
2628589
3068560
3155795
1361948
2737315
1603074
2890252
3220549
3187400
1341810
2826936
2339671
2454431
3148335
2512554
1348281
2023249
3205075
2955979
1391966
1684621
1385253
1528558
2265566
2856141
2563575
1030892
1802189
1820958
1916377
2157425
2420285
1571348
2918534
1761813
1817400
1960908
1494295
3089835
2785360
3272348
2437647
1932163
2060345
1616818
2694190
1933386
1330135
1931842
2178516
2172436
1384944
2033902
2064873
1863099
2117558
2139635
2980061
1952234
2583465
2556123
1778139
2129302
1793861
3634940
2596053
2024915
2578541
2140271
2609449
2358316
2105239
2174259
2096246
1638796
1782408
2036792
2159319
3042816
2566611
2257097
1975549
2232227
2782179
2111591
948183
1848141
1948707
2882390
1665531
2754818
1897589
3161719
2963050
2462764
3365441
2437430
1491872
2455541
2808094
2770945
1926927
2243033
2633269
2860206
2956533
1864695
1943420
3538786
1538109
1518736
1137772
1720994
2056680
3340982
1932383
2816585
2419730
2871601
2267778
2307830
1968920
2756687
1946714
2494089
1715100
2068175
2391725
1887286
3615910
2773522
2989434
1555977
1975530
2525124
2633209
2586328
2237328
2105008
2089647
2925193
2065179
2108102
3259291
2565913
2441774
2715508
1545748
1418580
2175837
2848674
2373342
2547115
2454530
937135
1977643
3577352
1923550
2615545
2257753
2161636
3329713
1445158
2705106
2054730
2534884
1647042
2367891
2551342
1748466
2637476
1406037
2303296
1936511
2766897
2380056
1947461
1759373
2024769
2713522
3234378
2359012
1704872
2782893
2582134
2902574
2511867
2186795
2077288
2704014
3611958
2638736
2640318
2583931
1585925
2982687
1849165
2124961
3411113
2760509
2200707
2687922
2969412
1431448
1928708
2239530
1862497
3111218
2231290
1997753
1794327
2537496
2991721
1692038
1742000
2787286
1808522
2999909
2842621
1912489
1612883
1658596
2510685
2014414
1508690
2451102
2278937
2353161
1400585
1867128
3525222
3281987
3538897
2174520
1828097
3276790
1154675
2014845
1479029
2251980
2345257
2940919
2885975
3712671
2071834
2002916
1912937
2825641
2938191
3165632
2662812
1439644
2042892
2550961
2241393
1963055
2866264
2880980
3633886
2091460
2022428
3113089
2614273
2576576
2473482
2318838
2366821
3602673
3113998
2323780
3663322
2350838
3357229
1805128
2711971
2071615
1990368
3502376
2264145
1561560
2230749
3265730
2831042
2373923
2753435
2396301
2635372
1750589
2388223
2836378
2077241
2287170
2798054
3898024
2549292
1880746
2912054
2494424
1923671
2140843
2651991
1857945
2323494
1495123
3431187
1929778
1940461
2392406
2836890
2580934
2434381
3218258
2243384
1841141
3735156
2403698
2129479
3304896
2082568
3926277
2447249
2656136
1431366
2943531
2014906
2694102
1897875
2470646
2199225
2408679
2702228
3291569
4065295
3299729
2452145
2030127
1991451
1750016
1930769
2654920
2289896
3057528
1918952
2793620
3433270
2504868
2717512
2413086
2437381
2483888
2185400
2095296
2963238
3192676
1669043
2283791
1950901
2007121
2225260
1912530
2168227
3608943
2421306
2028165
2704024
1860651
2799302
1573268
3607800
2914436
2033142
4971254
2528456
2732980
3171098
3081413
2353087
4791974
3206587
3107399
2397233
2329873
3037245
1962701
2299742
2362341
3190262
2315231
3078942
3433660
2108501
2273998
3704295
2396725
3379382
2776595
1895758
2833346
4084555
2516499
3562635
2155121
3737122
1640943
3726406
1896174
2668279
1810490
2445018
2547188
2293100
3504423
2981900
3174830
2993101
2580625
2132511
2471057
3468144
2628421
3047640
3795885
3729335
3031842
3120744
2757761
1768127
1923916
3009711
2846872
2675562
3896497
4552079
3111675
3279143
3490011
1742275
1864218
3279409
4153723
1877346
1406867
2674472
2215069
1743818
3315669
2231928
2712260
3044288
3687212
2956604
2418676
1867762
3113943
3883395
2140856
2264561
2992411
3844871
1684750
4081451
2156120
2914006
2728485
2417143
3474953
1809189
2764704
1907696
2720066
2436680
2451405
3109371
3444843
2693178
3779072
3263386
2784260
2314343
1652106
2908745
2899153
4293711
3567664
2505098
4035350
2720231
2714114
2246661
2871988
2062969
1166933
3194518
3002818
2017316
3585170
2825915
6494226
2384993
2099847
2774755
2105940
2554601
2947345
2441240
2872568
2865778
1985559
2843189
3839474
1774555
4553765
3230914
2177416
2225183
4791395
2520837
1900287
2017956
3273461
1576606
2750143
3101354
3050155
2499396
2022318
3381075
2207769
2405468
3742959
1862619
3708246
2067032
2703653
3193016
2178112
2004222
3361919
2276378
3440376
2652208
4161715
2228392
2531379
3570382
2142538
2526848
4227415
4382329
2855841
3387917
1792059
3038037
1639740
3158491
2372861
2715317
2189417
4039327
2171162
3137274
2714853
2612373
3296716
2381771
1880825
2083904
1524647
2357893
2807219
4198321
2306456
2518300
2019731
3077900
2914804
2835731
2823499
3025762
2818505
3455578
3583266
2726453
4108235
2543357
2548324
2894162
2280968
2670447
3159427
3378594
1769332
3041369
3029844
3978138
4399453
2900259
4814014
3768324
2851941
2419299
3334615
1407123
2390658
3500424
2826821
2974923
3094538
1963029
2878545
3747359
2658603
2175229
2242986
2816887
2560494
2653913
3186280
3083679
3033160
3399134
2875800
2107083
2814455
2441779
3064040
2497564
3482924
2393414
3474296
2634063
1994279
3395815
3219425
2101532
3327165
1952639
4464354
3392476
4009854
3890660
2247068
3712621
3028529
3910485
2069694
2257754
3175773
4946097
2051993
2727224
3184674
1489387
2050269
1979279
2824955
2003979
1658088
2712883
2081823
3028890
1381630
1968744
1725869
3271202
3027473
3832782
2005578
2336750
2683432
3235071
2753638
3094271
2756254
3070591
3229283
2072253
4144908
1958152
2367080
1998915
3490825
3283734
3729920
2692085
2039823
2221953
4915349
2851242
2383642
4283913
3515125
2875572
3164466
2928796
2836732
2121694
1254884
3043247
2947757
3083094
3120243
1914356
2353991
3061360
3876761
3349781
3027035
3433506
1750170
4960519
2828442
2367140
2008948
3544717
3314779
1607644
1954688
2330089
2620448
2480395
2740670
2744341
1989803
4046904
2630763
4285681
3080481
2382642
3375451
2715109
3006279
4195511
4277010
2584434
3081719
3539042
2702590
2104246
2762280
1666550
2477600
2106908
2827130
2925167
2593025
3620417
2817362
3139658
3411390
3696722
3025113
4174777
2696287
2377179
3321256
3480921
3370774
3252782
2815002
3522256
3888718
3775740
2008719
3320559
3112375
2744899
2939806
3637231
3924340
2295200
3038348
2907254
1697189
1779958
3301737
3885168
2127818
2919604
2610327
3157411
3150603
2036259
2585601
2556135
3639072
2473671
2635868
2681552
3536573
2614970
3729171
3841215
2313053
3686814
4712991
2578768
2644373
2490559
3136166
4661096
3118900
1561594
2182171
2761593
1895372
2839420
3403790
3195733
2946304
2845128
3620865
2412312
1963242
4010388
3338697
1850534
3174575
2385676
2678042
1918039
3199736
4176483
4049667
3583903
3569090
2779527
2967209
3785589
3187564
3427003
3378842
1562546
3656677
1683929
3220307
3992722
2659695
3703076
2933860
4353582
3204378
4102399
3244472
2953029
3253872
3690604
2355813
3962129
3581826
3558485
3714072
3117618
3491037
2028790
3764904
1938997
3381162
3251562
1806688
3210753
5095772
3330859
3497380
3518553
2914713
4401806
3255421
3690516
2558851
3282533
4527588
3675102
2048223
3339295
3004195
3311128
4013822
2697682
3957804
2945198
3632259
3997173
4101320
1896446
2819863
2370356
3668528
3074299
2982431
3922976
2197904
2675805
3549064
4206736
5114545
2206634
3026586
4249729
3038582
3332021
3119940
2559495
2521365
2870314
4109867
3940427
2889197
2699680
3430289
2291283
3765027
2434864
4291653
3252926
4042560
2798334
2801200
2784250
3085974
3892429
2101769
3859041
3237350
5392609
2490554
5009334
3126476
2918782
4160389
3410953
3414086
3183208
4360924
3177382
2439312
4534609
2653951
3055369
1827763
2116298
2344622
3759275
2381892
4636846
3895281
2959353
3177131
3164508
2519686
3282050
2510375
2473471
2951346
3623994
2962366
2681336
3454408
2696919
4361419
2803580
2582626
1961773
3088011
2349187
2723755
2027839
1900449
4120850
4125809
2883258
2113618
6452767
4310684
3560545
3722503
2620209
3599861
2798639
2396289
3246477
3419797
4315663
2729212
2653053
4077253
2686875
2754867
3116292
3809466
4640476
3075964
4576862
1895086
4005054
3439970
3062808
3559481
3333791
2155956
3202356
1790550
2307716
2876224
3378033
3667312
2233573
2426567
4153165
3029528
2679016
5933028
3050810
2326710
3340013
3945140
1429757
3850060
2878257
3829238
3120976
4415645
3452061
3112449
3267690
2698393
3370405
3033955
3301929
3366936
2764999
2674420
2528239
5243233
2385675
2938064
2897580
3201144
3722707
3392885
2677552
3201054
2809584
4589468
2942179
2503330
3246501
3128314
2839950
3515486
3865047
3961431
4328594
2217234
3082751
3622267
2994485
3024208
5454881
3598846
3833633
4686708
2528367
3345884
4831510
3027457
2612734
1863107
5563659
2875824
3947030
3895782
2802588
2097424
3858650
3152730
4158955
3368713
2231643
4377969
3522328
3630568
4317354
4078442
3583783
4643956
2366834
1937234
2254346
2724905
3562419
3663326
4220947
2819932
3921375
4285565
3598463
3703928
4551566
4146795
2988455
3336353
2652508
2172665
4240035
3080268
3201656
3495777
2846343
3653292
2983911
2694259
2639134
3169537
3169507
4508925
3337564
4636175
3300792
2636172
3070925
2815786
3334552
4268963
3006798
4842640
3785016
2567673
3796158
4764518
3315084
2723287
3196071
3335578
2980776
3328974
4374318
3781861
4076311
2305752
3491665
4888348
2735883
2716748
4170502
2849825
3136611
3726036
3318646
3677381
3665070
3634772
4598063
3701085
3584133
2678813
2884770
4057843
2366775
4107278
3527955
1897277
4008968
3850050
2953412
3722366
3542211
3323629
3243916
3654427
2498073
2734466
3874219
4217738
3083287
3528145
3404035
4977302
3924572
3545320
2550799
3250947
4263502
4726270
3713449
2366910
4350512
4593067
2860922
3777776
1819473
2136826
2513043
4202088
4807633
3239340
3333756
3535622
4167364
3977969
3989872
2469049
4155198
7038201
4126378
2314937
3041901
4235181
3338576
2339183
2471624
3674996
3421775
2636322
4601260
3059977
3000856
3645930
4432172
3047744
2342272
3360908
3855629
4887954
3726501
4515484
3143909
3971907
3257596
6202391
4432054
4325081
4247762
2227293
2168779
4078871
2541798
3404473
2949867
3498383
3810191
3623405
4430730
4049322
3614271
2169614
2979861
3936811
3392091
2719248
3590861
2136153
4456627
4099962
4518450
3601070
5158504
4210872
2469253
4282889
3448754
3867235
3242620
4785819
2630436
3841554
3738045
2576402
2967306
2914931
2858382
2569836
2797224
4087581
2945725
2112898
2031190
5006621
3740099
2683410
2962735
3264009
3320212
2739966
4134171
3052380
3401029
5504885
3856828
3791567
2685462
3937720
3687247
5619484
3820713
3255271
3606159
4376816
4118428
4386456
3321150
6246948
4406057
4053766
4247189
3812224
4940644
5263546
3588849
2961362
3578431
4068381
4357014
2885693
2062561
2489190
4240665
3397533
3792293
4535893
3212751
3740719
3628339
3622937
4139564
2154778
3091615
3647491
3221807
3630436
4261228
4523054
4642785
4224061
5340874
4094131
5786087
2991178
3948036
2634841
3964850
3112486
3239047
4011911
3313438
3340496
4497979
3864429
3405966
4409384
3183568
4630168
5807974
4245337
4393732
3013813
2408251
3737571
2522232
5107373
2882467
3709415
2841757
3611777
4522321
3201721
4433844
2705840
2272385
5629026
3451540
2545175
3385772
3273695
1831878
3610734
3344475
3264618
5887520
3390495
3079989
4152103
1815877
3552108
5192725
3228045
5438878
4613777
2633482
3049727
4251978
2675292
5969618
2720874
2985958
2720715
3870905
4474198
2276583
4425762
4342231
2842205
3074234
3350311
4357044
4438842
3003373
4096158
5909041
3703959
5325095
4328515
4606410
3353918
4823205
5831189
3777411
4735568
4081543
2466359
3331307
3681317
5618998
4519608
3683653
4318996
2021241
4057020
2958026
3615014
4194478
4543695
1984752
3640076
3542275
4609612
3309058
4912552
3387333
2908955
5888345
3800113
4469931
5394497
3425006
4353671
3566820
3923693
2935139
4140979
2460552
3989116
3420619
3820795
4414437
3208885
3137112
2595934
3100868
4530895
3210264
4021505
2756351
2956967
4067495
4928738
5075030
5207947
3426619
3731230
3117873
3892857
2970945
3916630
3824142
2946276
6143574
5030984
4102330
3274979
5458119
4790578
4659657
4101921
2150316
4952110
4409659
3227334
4438991
4740880
2368134
2374599
5287672
4569617
2608260
3156565
5454183
2285720
4447591
3876733
4640727
5102487
3681084
4362703
5442853
3116395
3721533
3405232
2528246
3857424
4807870
2514556
3971481
3718239
4390357
5878998
3252634
4671329
3610409
3276468
3815596
2692764
2029835
4069818
4012605
2535691
4936513
6558151
3256880
4873624
5258913
4180319
4120991
4060291
3466656
3603580
3138612
3333399
6226398
6173619
2015689
2804376
3008486
4565542
3718966
3565150
4586190
4710007
4838970
6175724
3728492
5699700
6736907
4029240
4102163
3457854
3319313
5435618
2742383
3720994
4539703
3902522
4667574
2373155
2723020
4747121
3272661
5498392
3030463
3606084
4220690
3868120
5066289
3999832
3726169
2789003
3913325
4624733
4303281
3856637
4903466
3760156
3944326
3592135
3431372
3481088
3941570
2767615
4033277
3496596
2867607
5870401
3425291
4030985
4102682
4838972
3489614
4302264
3980404
3220992
3087945
4988951
3053618
3245330
5171696
4129380
3920684
4011243
5797097
4465427
4929347
3927404
3218237
3941933
3991700
4490369
4845730
3985720
3043193
4890388
5338915
3205736
4993278
4053571
4396492
2913024
5112060
5289791
3792145
4327890
5440239
3530430
5107686
3140069
4967210
5413621
3275970
3573080
3825674
2809707
4825738
5787386
5059515
4085049
4394140
2555231
4157498
4812357
4205605
3568100
4423573
2866065
3989253
3898423
3818132
4891010
4874342
4241007
5090757
3251919
5138230
4095593
5052785
3333980
3478057
4337520
4230930
3572602
4378418
2922279
4705853
3866551
2880575
5877459
4394745
5373793
5255947
5915160
3344586
5803938
5599970
5540117
6207208
3822625
4692057
5251575
4196241
2281938
2976916
5043568
4330253
4625732
4492518
4086027
3767781
4423448
4597581
3676408
2999910
4322043
4926866
3991085
5533774
3031246
4208181
5855538
3930644
4243568
3298899
6419169
3243269
3736566
3318554
4399161
3770683
6503303
4938351
4241595
5040757
3673482
5476519
4212941
4829618
3819204
4705643
2736150
5116599
4943194
3925913
3748254
5201951
3721787
4755099
4129820
3719953
4108662
6406107
4253570
4170051
3920904
3140361
5149958
5423167
4436356
4766229
4235740
4172894
4588344
4467988
3878967
5269106
4297326
3932433
4107555
1699556
7053581
5022375
5335303
2914968
4674881
4304396
4476699
3934260
4194301
6148067
3465405
4876062
4426466
3906864
3546591
4188988
4381230
3418001
5617354
5531959
3720046
5778486
2031356
4244006
4029166
3156692
3120594
5025979
5677958
6691992
5721452
3983665
4568393
3995835
3773341
3768962
3516443
3848370
5015808
3296227
4012102
2470265
3836486
4796517
5078743
5217971
4961509
4122873
3492844
4445635
4616569
3544555
3928574
2343841
4432148
6035001
5680347
3363582
4860395
3094888
3977035
3029677
2913957
2581474
3448203
4804814
4803959
5457744
3691051
5249238
5474329
3931912
4226697
5937991
3871975
6057104
4142343
4736338
4000557
3472490
5270234
2240920
4379313
3491791
5789950
3837900
5421033
2988985
2674072
6924645
2867891
4729471
3755328
4383790
2745929
4596262
6573899
4574839
3747167
6321754
5143434
4958394
4188628
4599662
5970332
4546623
4082472
3857635
5375954
3029416
3233575
4622235
4682877
3250670
3829219
5871254
4486329
5519480
3616831
4344084
2454724
2919106
5397686
5102908
2853805
4000634
3223088
2975888
4202583
3486429
4297137
4149818
5751991
6376968
3874886
3489855
6527866
4129948
4399311
3344355
4307260
3627417
4465589
3595064
2489819
6193161
4339565
4081995
3529752
3892691
4772756
3034059
3111097
4272783
4374064
3864079
3943349
3863601
6921363
2871867
4008137
5457699
5175928
5912070
4340615
4322273
4803739
5199420
5464691
3694187
4432896
3408157
3016770
4241872
2619263
4690841
3426218
3702239
5178524
4396683
3168053
4562815
3999479
4150503
4083441
3186969
5265346
4569270
3752859
4428921
4968897
4146671
5648728
3948384
5182173
4449999
4263557
3319308
4720162
4918727
4814998
3708274
3853374
3854763
4544928
4080596
5666115
3390084
6246231
3190013
3380322
4215290
5951082
2833346
3475240
5065448
3450426
3486596
4649092
4265128
5449842
4118184
3946578
3830878
2835263
3782594
6578541
4313204
3480255
4992151
5392334
6043985
4501456
3777804
6366400
3944672
4580037
2684169
3468697
5832007
4474486
4165780
4488760
5323592
3698036
4620052
4570464
4402389
4240882
5339991
3648176
5802928
5745750
4823699
4732292
5786281
4781813
2819256
3717966
4594667
3444174
3598794
5643428
5166654
4454338
3549122
5333009
3508252
3306678
5299414
3308595
6365562
3868749
3934140
4516805
5467981
6301688
3582238
5175417
6961959
2180915
4716656
4143805
4981339
5081344
4402574
4243594
5071275
4602966
2702640
6031113
2588712
4279145
4612992
4860570
6568924
4625433
4945528
5882004
4421046
4323886
4788534
4813355
3581954
4799736
4690611
5020334
4800048
2974769
3466599
3458101
4863808
3152126
5196140
5463305
5665100
5388573
4373463
4775210
4239082
3693919
4365362
3685872
3742061
3555577
4747980
5482497
5867552
2811516
3538433
4052844
4830093
4610934
5082631
4522241
3059117
4665367
4643240
2781947
5369540
3723129
2610243
5365788
4398522
3679084
3970364
4624989
4183150
2276383
3749420
4652528
6831411
6388736
4626825
4396061
3939087
5316736
2473332
5008557
4436836
3888626
6996715
4909999
5726437
4371635
4193267
4432836
4991407
4363429
6229349
4128826
4546119
4549729
5321475
3144458
5044132
3901373
2933239
2809539
5493840
5692023
4322865
4514117
4407966
5181865
4173428
5455975
3584778
3167880
4271041
3468421
3373866
4071262
6576209
2756724
5529467
5460267
4122408
6550798
4619719
7035745
3102808
4405849
5761417
3391583
3172989
4691495
2771516
3739756
4873457
3741363
6245057
3529913
6574106
6492924
3754811
5073726
4216443
4622502
4331159
3046872
2948055
7426890
5921764
2296454
4486430
4488078
6044273
5012035
4847291
3676155
5255501
3252799
7341685
4475734
6444683
5693999
4168376
6446902
3706909
4952133
3013445
5342816
4006991
4467821
5262932
6158694
4772753
5207753
4477787
4623724
5787388
4428291
4316326
4296797
3627107
4955565
4811314
5182441
5236724
3204937
4574141
4889286
5513872
2926340
6187221
5185273
5116185
3514813
5072787
5919129
6099337
4868284
3493429
5105868
5176517
5197468
6178230
6067927
4853290
4685763
4201903
7795632
3548198
2617259
3755326
5521548
5163128
7037310
5841417
5031996
4879002
4123669
3566328
5238392
4487674
4872476
4241585
3435441
4563724
5657037
5151674
5415280
4760893
6299645
4504497
4709317
4370518
9042426
4424797
3860583
5561603
3904571
4427946
4076223
5075041
5415583
4028673
5396463
3409750
7305761
4305697
5864492
4247480
5381906
6402477
5589711
3030786
6500318
5440037
4692833
5454280
4642174
5831609
4039056
3412094
5286952
5037533
4733275
5231630
7482186
5712733
5835240
2842960
3069490
6594255
6938615
4628706
5434064
3809060
7493733
4390967
3389096
4855358
4169211
3152441
4422465
4544026
5464533
5056498
5281852
4494334
3291185
3705114
5054842
5306122
3520973
6330806
4454356
2623809
6294543
3858226
4957709
4665165
5203965
4825320
4534474
4178972
3492776
4148457
4046874
6703382
5698170
4621773
3414667
6913633
3381888
5358363
4866862
3253661
4570166
5878905
4292809
5538376
5694331
5007398
5687310
6376013
4611954
4652711
4778459
5700184
7810964
4034217
5750033
5119939
5854838
5264191
5950210
4106000
4015688
5642021
3744712
4570988
5262869
5763950
4195801
4852662
4490288
4987028
5027861
7411554
6582813
4151330
4625565
6205241
5569575
5294784
5606418
6554696
4620889
5857164
5838074
3586236
5835248
4865764
4803688
6102239
5989495
3879375
3963618
3894443
5566369
3937566
4054721
4302123
4145446
4012846
4454882
2099729
6178831
5930151
4083385
3808700
4288296
4330347
5616516
5591094
6577234
4574318
3659652
5508115
4747866
3940492
5171363
4876384
6518735
4947854
3480367
3827672
5572161
5576901
5125233
6289848
6968876
2972097
4383614
6805141
5576462
3473324
3666476
5922278
4836367
4218387
3972233
4717545
4416786
4486616
4266476
3251430
4583413
4100260
6175218
5921607
4338710
3939263
4633678
4503336
5092129
3743627
6231097
5705700
3950175
4617200
4868319
6323327
5304182
4624713
6524269
5055744
7361362
4957327
5440881
4784296
4773986
4854434
3492829
4643997
4125623
3367993
3731235
4289299
4934377
6121611
4194115
5205283
4365579
4811215
4916674
5553106
3548661
5320203
4543853
4556352
4726757
5602654
6259270
5374093
5686700
4606387
6083306
4102293
6057307
4591580
3887094
6229804
4454310
4342948
5007191
3824500
5861157
5398245
3847401
5707666
6062216
4710220
5442640
5038602
6103155
6321252
4516526
4160876
3378477
6896979
4362798
6648435
5362227
7011750
4243212
4383013
2621415
5400476
5633943
5986564
5209769
4204710
6191570
4388996
6669734
3942780
4972379
7176342
7229438
7550861
5548676
6811391
3705960
4708010
5257032
3856473
4522045
5898127
4694929
5323931
4759743
4032014
2702507
7127228
6058585
6420407
7197639
3386801
5386778
3435118
5310364
5932913
4235339
4036229
4477015
5032469
4063996
6878855
4889345
6404718
4596180
7192397
6351380
3063837
7266213
4816079
5478516
5318253
5298694
6211371
4696365
4522345
3776401
6903449
5247602
3436736
6650027
5058008
5018775
5724729
4180358
6524708
5447926
5439792
5264050
4836093
6025336
5598613
6430479
5216253
5702141
3711494
7425704
4607969
5022105
5692071
5148412
4580801
4876002
6591547
5623645
3974358
3521270
5991490
3714232
5999415
5293066
5406671
4386220
5611728
6642182
6907297
4143403
4778923
4293793
7356016
3820390
6310666
4749860
5585256
5322164
4360351
4411855
4958881
6245463
6006850
5832077
4951264
7399323
7898965
4009799
7977164
4132986
5461516
4478559
6249632
3087174
2853228
4150804
3715874
5101877
5559299
4843277
6640399
4461549
6725085
6018057
5910057
5163004
4912264
5212959
5393180
5399737
3932840
6277019
5986678
6187321
6138669
7856687
6153622
6354672
3695309
6000556
5316646
5301682
3869120
7612174
5710562
7372343
6399324
4406752
5239396
6419185
3862846
5188055
5148022
5883322
4385937
5299123
5548314
3227634
3696511
4200277
5962823
4851175
4014891
7757002
6546590
3703270
6793764
4973899
4668669
5937345
6286168
5361964
4388016
7758830
5524445
4838798
5437979
4484254
7383863
4720952
7327118
4823815
3127791
3666523
2642858
3435597
4946419
5684237
3538747
7707071
4491881
5691994
7579147
4981880
5200896
5798424
6692941
4903529
7215983
4676866
7009706
6624967
4251425
5255453
6299435
6856569
4695241
3077115
6625986
4573188
4586939
7861979
4540567
4514087
4894379
5784952
4917003
6023579
6475247
6529151
5833218
7120275
5810879
6781747
6852344
6114440
6293301
6027106
5070886
6343753
5300367
6852738
5041658
5875738
5566676
5597804
7194990
5088775
6108258
5444524
4356437
7152305
5122191
6399448
6144869
6383790
8454001
7020246
6756519
3239277
3772705
5090472
5973356
4995926
6265669
4523042
4979232
5453304
4490744
7580939
5604132
5748317
4138879
4200691
3930836
4714418
5277583
7241951
6820168
7263683
4317787
3933311
7605344
4280580
4466824
5061308
6419490
5315702
5858585
4579425
6352971
5775978
6129372
5406787
4665017
7057968
6128765
5501088
4945609
3844093
4436223
4220732
4396468
4766389
5418255
5013584
3827215
6763785
3042397
4939984
6456744
3780349
5172332
4587266
5803146
4390255
6469350
7028362
8364208
7759994
4949565
5166346
4492594
6642389
8164900
5094857
4804510
2790554
6035203
7547531
4580549
8126668
5731088
4465040
3830688
5462495
4296491
5341249
8722389
3967630
5571277
6083295
7241650
4504826
4942533
4776120
6954925
7305500
7664135
5232049
5884993
7277381
4007727
4508397
4450292
6234975
4885266
5887639
3990405
5338891
7315240
6161854
8767826
6168295
5836312
4009437
6534415
6085482
4747660
9079459
7796425
4224197
5613082
6169061
7124556
5787305
4638212
6532718
7250138
5881618
4037513
6381292
6617324
4536241
5158714
6018261
3719364
6385278
7082382
8474122
6644774
8444095
4051906
4557981
6816144
3501108
6384655
4584624
6173722
7002587
5156605
5039182
5492350
4356341
5574679
6167160
9035238
5028265
7638240
6579332
7549233
7095393
6631070
10174083
5903276
3724414
3778967
6030010
7052004
5960986
4447663
4614117
3626162
6188942
5884509
3378932
5656381
7965139
5501840
6509802
5618922
4412282
4646061
4767383
4355255
4385485
6479358
6954410
6529351
7804005
4918677
5890051
4612632
5342568
7914862
5592068
5922330
6736195
5368859
6789182
6013796
4964976
6845487
4679705
5886641
6217245
5484258
6761179
4602736
4582681
5708655
6377102
6556255
6647004
7089276
5388660
6638461
6578934
8463675
5880155
6092242
6794596
5414771
6885959
7779448
9711652
6769422
5213328
4498195
5571888
6577450
6935857
6631882
5643637
4655999
6101375
5069207
5622656
5442937
4678412
4950675
5519165
8792785
5481983
8208884
6130005
6654336
8827826
6071625
6734337
4991258
6003372
5255253
6112599
4586979
7828212
4729021
7865398
5918609
4574028
5756264
6630250
5661407
5442626
4299672
8101300
6479518
6238307
5862007
5244031
6696553
6103487
6855874
4669053
5335215
5167018
5481361
4599156
6792557
5158180
5251938
4803810
8281890
5384510
6865858
6291674
4739766
3319528
6619319
4089704
4735697
7258032
6176678
6542950
5218727
5084744
8324997
4387110
8502271
4753092
4708858
4787243
4615435
6323664
3827910
8114297
7778839
6700573
5340144
3744408
7746488
4551804
7406894
6367012
3993511
6772847
5191195
5073762
5624555
4817507
5813255
6144695
3390500
6144031
8269794
5799464
5702615
5445381
7329140
5018463
4238828
4244329
6926689
4295451
8760909
4631393
5291221
7599730
6520777
6500897
6967117
5615595
4684017
5634687
6290811
5892089
6885346
4388330
5206385
7677801
5255835
8206786
4984250
7114511
5850109
6263006
8678951
7677566
5579938
7463653
6217270
5697688
3046031
5459817
5473179
5704896
5601831
4944675
3726931
6077883
5144347
5787535
4688799
4592369
4458610
7407487
5697125
4935926
7659949
7712422
6195529
4735604
6121430
6582010
4107137
4926621
7286404
5485855
6609915
6605951
5083775
6214118
5999084
9273571
4305048
7166236
6199019
4759775
6158889
5958239
4821346
5226482
6233629
4950424
5590000
3564526
5268711
6947540
7673628
8088218
5988191
5836733
5504728
6561548
6819942
6478579
4035375
3844044
8459392
5257799
6554215
5529510
5707000
5418938
9462893
6648756
6833162
7016967
6231357
4803382
5531886
8603793
4476686
6954981
9119515
6283845
6650805
5547927
5561841
5840212
5452676
8714980
9217799
6114673
6275040
4652692
4739452
5840873
7428270
6779524
6430094
6258419
3988122
4969351
4534087
5763453
6003179
7388348
6301067
5169523
7323814
7466209
5788151
5110310
6578465
6012247
8252469
4913621
4033080
6004669
5168540
5862946
7194116
5491211
6755931
5461318
6331372
6038822
5379001
5398984
6182479
5378981
6429512
4456614
9226885
6979054
6719244
7159288
4955447
7557768
7367064
6795351
6851491
7428715
7211550
5640628
6277468
7912087
6094217
5268976
8102449
4924175
7624114
7229079
7257538
3633119
5230669
5119929
4616894
5060763
6868492
6674302
8527729
8281756
6199237
5569047
6423220
6983050
6191426
7259521
6240144
6445876
5806323
5748721
5986251
6895120
4084960
5545686
6851539
8668591
4705376
6708022
7523378
4491998
4127133
6152111
7442133
5701421
7358353
6986724
7548377
5932776
3768924
6846639
6934486
9556319
6021615
7507029
6595300
6206520
5925437
7817310
7732453
8286362
6749045
6854795
4845887
4726916
4467377
4404487
7331834
5873315
6644645
6772579
7646489
7402262
4830224
7464585
7157199
6090140
6381928
6493150
9031202
7304639
7219471
4740448
6494276
4434849
5110799
4425595
5007682
6724069
5155887
6593189
9131406
5861924
7048109
7959399
7172359
8035529
4869773
5877626
6336780
5258105
6521458
7024647
7920165
7214420
7914247
9171076
6462583
4414225
7735869
6750583
5554257
7341084
5701483
5138045
5508755
6927817
4573256
5505248
4169335
7479072
7374371
7468702
6205704
6395088
9161026
8707946
5070033
4358574
5793145
5281803
6675511
5447605
7831364
6006666
5720787
6833174
7750772
6885786
5011019
5175122
6119008
7256647
6652061
6080186
5159335
6085071
8702725
6520642
8032469
5504517
8341882
7522101
5642830
6128389
6264810
6722762
8052380
6614703
7863996
7715400
6739432
6309474
8192327
7678604
6277729
7834741
7925439
5091890
7251087
6693627
5420732
7501627
7648452
4017399
9483566
4296832
5846682
8438994
5749458
5944902
5473913
8161098
8828757
5995057
4881205
9122287
8082813
5702445
5156998
7287831
4771786
4388775
7351177
5244636
5626199
7270918
5836023
6457693
6647059
6670620
6536450
8382422
5339695
4756204
5329675
6373376
6478281
5173352
8301277
9291989
9566802
7280033
5378521
4611160
5617647
7827276
6821685
7531823
7118578
5618613
6729007
4914984
6984213
9045525
5295223
7277446
6961591
7777751
8029464
6085183
7253699
5999004
7127434
6699762
8234703
4893636
7334138
7183801
5783860
7945360
6642191
7243007
4807805
4616710
5034270
8569969
6249647
5047348
6192083
5365650
6928914
8635582
7033096
6984310
5565024
7754896
6711446
6167705
6060779
6160172
6745375
5942303
4712046
6292473
7349333
7470017
6256927
5760186
5590322
5173588
6487686
5640137
5479451
6308499
6942997
6176459
8181852
8199976
6418964
6591479
4983554
7318358
5969067
8152875
5884660
6369150
9162913
6475132
5876134
7088266
6856866
7921324
4929258
8948585
6420297
10183502
5417859
4605233
8322972
6637508
7115572
5460055
6883670
7221524
6034771
7380849
6309150
4090841
8058931
10218119
5486882
7613628
5775088
7237745
5606713
6703413
8798241
4312369
5647761
11189897
9547677
7963453
6330995
6555822
4085748
6841425
5708603
7317988
5288861
6497457
6226408
7947717
8924045
5439022
5477801
5886968
6306750
8380199
6799947
5369570
6970267
5974125
6376912
6475261
6751212
8165149
6651386
5934745
6688988
8208964
7644411
6191661
8199616
7254696
8975362
5868926
3868636
8446025
5415740
6936628
5767515
5394290
4475127
7706899
7585080
8291687
4479839
8047738
7824031
6519641
7614886
6138111
8190367
7632568
7809835
5442036
7165237
8248563
7123762
9157884
5213291
6981993
8251479
5705317
4816071
8856214
7766089
5878665
7635057
5442530
7460075
5169824
5947088
7195834
5525991
6404417
6666399
8262628
6320676
9352921
5055231
6912157
9331576
7671800
6937254
5543330
4784870
9702240
6984319
7997418
8596806
8815781
5197500
5745190
5549397
7760141
6969631
8908384
7116657
8880533
7434240
5324963
6506165
7385240
7944185
5119910
6102143
6965429
6452180
8107731
5787321
4920074
4429978
7847035
5200356
9256551
6552601
6078662
6464703
6962971
6259547
7438674
5480270
7699277
8119233
6395675
6359484
9086050
4695313
9907469
7626674
7519703
6524201
6907356
5436730
6534895
4888371
5328854
5223439
7805045
7406953
5464464
8523268
10223901
6527588
7070452
8374709
8484907
4592798
6404831
6810342
7435323
6623631
5701068
5974933
8467107
7188471
7174018
6248574
8309178
6262430
5776902
8998915
6500681
5819919
5887916
6801777
5449733
5989079
8156936
4779110
7415402
6909793
7968695
6701454
7037569
6924421
6338887
6968005
7919844
6481701
4911045
8095183
9770908
7443523
8160275
8260783
5774147
5635957
6448903
5177363
5673370
6751442
5743840
6422807
7453736
8344648
5762348
7192563
6494888
8195008
6268193
6120094
7642322
7139186
7136833
8721842
8914706
5807545
6016414
6282677
7234568
7595131
8363501
8257873
7355809
5470377
6548845
8066861
5428095
9543354
4924280
8437697
6549302
8947442
5812425
5332644
6635292
6610624
7459710
5004881
6935768
7305152
4698092
6407379
5363477
6738417
7205924
9392133
4668879
7826101
10643879
8403455
9230589
8817367
9062028
5183017
4289514
6302199
8317994
6452804
9195397
6602690
5776947
7600638
10520003
8040654
7750610
6288014
4960047
6194059
6991002
8216720
5997346
9402108
6763564
9746572
6889487
6149501
6992177
7924634
6567780
3975667
6803408
8140876
5449440
5028535
7488784
6926914
7184705
5169153
6417996
6789869
7924928
7292154
7716400
6207865
7411156
6995616
8786511
8667558
7595470
6457728
6025239
10015089
7255921
4261661
5973819
10898014
6262445
5843849
7300087
4560876
8141434
5781770
5081056
7179073
7094139
6013507
8260786
7431807
6526326
5147597
9044370
10623812
9276760
6588692
6913313
6996647
7288279
7917867
5482552
6093155
7648053
7218929
6627730
8947844
7683296
6675834
6373310
7838656
8550403
11827834
6020795
7445898
6519562
5840282
9167534
7758686
8487539
3978359
6650592
8265636
6768378
4657408
6752504
7942729
7209027
7180914
8431530
7425571
6536673
7736434
10337184
5715523
11089316
6992762
4056714
5488266
4806654
7327636
8100151
9206881
4424278
5278700
4580919
6811199
7198223
6980870
10027310
8179026
7230981
7104343
9498681
7332942
6590120
8225661
7430143
7597655
6315615
6046387
7766031
7261864
9025634
8193511
8882934
6248297
10076624
5486509
5954254
7840110
9127459
8619028
8566406
6366990
5392119
11085561
7500984
5479102
7840993
8106649
5291959
4727080
7204375
8868538
5831843
7727766
7271066
6670228
8894096
7969806
6438482
9820237
7012520
7758286
7913636
6860924
8236678
8894481
7059115
8005719
8196484
8361494
6451363
8731263
6281660
6051386
5342500
11958687
7715682
6916054
6387037
7229845
6048978
7819038
7354166
6154448
7032581
9245044
7694835
7579514
6249945
8061299
5801398
6347297
6818171
7539506
6650360
5725711
7798374
7155349
6528625
5291355
7880778
6020785
6841392
7720244
6447115
5186978
8397180
4666656
6121291
7812376
8338696
6612361
9484145
8365645
5908897
9773050
6561351
8146985
7026382
7386850
6454845
4984354
5457380
8390515
9184872
7770287
7044828
7144098
8974856
8812775
5945476
7925624
9393192
6055098
7756223
4424418
8692931
8488772
10141556
7538894
5363361
9997402
7059648
7517155
7602034
8102717
6672183
5839545
8116530
6673070
7560177
7865164
8462939
6304997
7743174
7496318
5877967
6557443
7491343
11142568
7888700
7791902
6370588
8483969
8305847
5918518
9175120
5649298
8909680
10357191
7155006
7708076
7816526
8005498
5026351
8437284
6519075
6100908
9019396
4272135
8432853
6425975
7308928
6997430
7445697
8034342
5914823
7124937
8671173
7058609
8344885
6521954
9553731
7757663
6036172
8617219
5602874
8316587
8491052
6633313
7953461
4794734
6065766
7310385
5712105
6443114
10610204
6559046
8817569
6909424
8891419
7502006
7351625
8035243
10773650
6468217
8147552
8239553
4620151
8059289
9172422
5673142
9677468
8435367
6771818
8789193
7925492
7257196
7892881
9094331
7458302
7870391
9563515
7867699
10450017
7484899
8241553
5917387
8794224
7095267
8935940
7503400
9945492
7035761
8741761
6123407
8458129
7133055
6706494
9288221
8012240
10511565
7079660
6734540
7692645
11917419
6348142
4486470
6388521
6064106
7490170
8180853
6978027
9965595
8844313
6930485
8539984
6998753
6478060
6210687
7296023
8151394
7343372
6680293
5769069
7496429
10280668
6451280
7361859
7560932
9394616
8732790
6949801
10422483
7072582
5126710
9125284
6805464
9202038
7614092
9178873
8260262
8268563
7153448
10427870
7699208
8178173
8780442
5539562
5344466
9396617
9600390
7493641
6294429
7054964
6414702
8411206
6532779
10062588
9888605
6714016
7256037
8186710
7613894
6239414
7703527
6082695
8177819
10025817
10093869
5469016
8188780
9395327
9814485
6016365
8793449
8787180
10499194
7051633
10858346
6623921
5114535
9627041
7151234
6230688
8465215
10200648
7528645
8561307
7195690
6368778
6090760
8030591
6076275
6615200
8766597
11532866
9057878
6695803
8956500
9653542
5237906
6723021
5130248
5450888
6008450
7477084
6040365
7120714
7926185
9318705
6195828
6890887
5633770
10864156
5442409
6632793
11081676
7468577
9046493
7410058
8595118
7737475
7893229
8571351
6395609
6339764
8811011
7644332
7354732
10829182
7769904
8484802
10137435
7231398
7291972
6806960
7154818
7191297
9244192
7900416
7521468
6699445
10613594
9413532
10148624
6994758
6730664
6888311
7579271
5896390
8934667
7456621
7595984
5982460
5709930
7743173
5569193
6405292
6740305
7157874
8124251
7728728
9786900
8757235
7461329
10563530
6410862
7176662
5452207
6198922
11458966
9194301
7990583
7965161
10169172
9555377
6216948
10603036
5582973
10697822
9041575
8984961
10676784
9122937
8050890
9042256
6721606
7611068
8164423
6697951
7679200
8825197
8636194
8983495
7511876
8553756
5205907
8160803
9709280
7208482
7764096
7122856
9084901
5833141
5096976
8087491
8382470
5953976
5563840
7226609
6900680
12480515
5881376
9012589
6141871
8711231
5342270
6619818
8350991
10865467
15404924
11185520
9197388
7418745
8948882
7632843
10265186
7969997
8028219
8629957
5332554
5375672
9678339
8336142
5713083
7665037
12448441
10302654
6487434
5689297
8223338
9617378
9922905
6194958
8244054
8722821
11690459
7738834
7172255
9027749
9759075
8855493
7179745
7021498
5439471
8287332
7544817
9554711
6063384
9573467
6553368
7465638
5740141
9024357
11940141
8027502
10857386
6048802
7181487
7895773
7204328
6587541
9616517
7407383
7496142
8243811
8814979
7136647
8701016
5104975
7430503
6657334
11358804
8030172
7820897
8035080
10561218
6022270
4757080
8745669
6822350
10655790
9725609
7664530
8361623
8359008
8682680
7186006
9198310
9228831
8274795
11669170
7350039
6082972
8543020
9292763
7541918
5465978
6383080
12668549
5316665
7626415
6601931
7447405
7016040
10109491
7489903
7047802
6247102
10553457
7943036
7438299
7155988
7506359
8085658
6943467
8329362
8026015
8909668
6429720
6832683
10840154
6272392
5587581
8768869
10157723
7731100
8914201
11384166
8383972
8278034
7045077
6313254
5868411
7253687
9708319
8691501
8209910
6534838
7567342
7238320
9124997
7183094
8894270
10595805
9374009
7686473
8718832
8359352
7742538
8843513
8965940
10904532
9575953
8061070
11174808
11155512
8146564
8506500
9936328
8097904
8017947
10100899
7763464
8190172
9474698
6829847
8490529
10138312
10681346
12190403
8016364
8196856
7952867
9221897
6338498
8949982
9672146
7698594
6339215
9751387
9821293
7265191
5531363
8166609
8011843
7695494
8416785
8998849
7922677
6978193
8559502
7377143
6456458
9474929
7225768
8468437
9334647
6280313
9891466
9131293
7995605
7631990
7330608
8345546
9661377
11492423
8342987
6495137
9297918
5387335
7381734
9013360
8442232
10430683
8956351
7694132
8738625
7388185
6137761
10328887
10431767
7243412
8418144
6844795
8388464
12949859
7369669
7487659
8683717
8254966
6530163
7240414
10736717
5893673
7087029
6192718
8904539
9868338
8459051
6905533
10008872
7196387
5957683
7274295
6919552
9352518
7452043
12582078
8378900
8433325
7264910
7695280
10822434
7468011
8298457
8935321
6187914
6799006
6851451
7725078
7676223
5501610
6238621
5469749
7987773
7269809
8072204
10704325
7168381
6253890
6886246
7601332
7034861
6985758
11072839
9782974
8455627
9092393
8099305
9209960
8223089
10404590
8867024
7663693
11430836
7658458
11894612
7837327
9909869
9258458
7502334
6072664
13390358
6540968
5670434
8431237
7193312
9031812
8958158
6454731
9732154
7056593
8408628
7493177
9068174
8643111
6872800
8926432
7154577
9195482
6315524
7951872
9271334
9952644
9209970
10113731
7185994
7422261
10584435
9684799
7132517
7877296
14066316
9466487
10077838
8575533
7788913
8207914
9871716
8087358
7171597
9215003
6946320
7825507
6768626
7374588
8433600
9738816
8847425
5116725
8483914
6157650
4600543
8162859
9543733
8670614
7322875
8931618
13669602
6659384
9257230
7607796
5186850
8573880
8285515
5166564
11160064
10775349
9515718
9724947
7056599
8912082
7403194
7922295
6013629
8971036
6614898
7766698
8320536
7647716
10765437
10315271
9855484
10410923
8993401
6601680
9427327
6904534
7678235
10014608
7898696
9769059
11320086
8083557
11326897
8506054
9229507
9182942
6410708
8121367
6543533
8104547
8484392
7673746
7350195
9548513
10606846
9866963
8199501
11332808
5567109
5313880
16650820
9318058
8816022
10985406
9429247
8786378
11537932
7946986
8304654
8179723
11700239
7842302
7216846
8967765
10191275
5857130
6928812
8667491
6933453
10700379
10594431
9518062
9551149
9647075
5749906
9722429
7677772
11752166
7570778
6542113
9129535
9858423
7506645
9905403
8714221
9726031
10601116
7613148
10017763
7170736
11474334
6975634
8748042
7797949
9112021
10558111
9501147
7478276
7054258
8973445
8648471
8286407
8337083
10653057
7963532
7425597
11913740
10900522
9072402
6653848
8271061
7424808
5472381
10265112
8479613
11472497
6239024
11605506
7928296
7032021
6177752
9637996
8173494
8646773
7746059
6990128
8743401
12200021
7079954
8641249
10283350
6762812
10730960
10504053
5677498
7510683
10658936
10713858
9985636
10774853
8311131
6066105
8823315
10983101
11112043
7241435
7818757
9581020
7689758
8948133
7931811
8435080
9058937
7842309
7439121
10401879
8987984
8360752
8207021
11312400
6628473
10773274
9679339
8913698
8357204
7002838
7603427
8244466
7161156
8153713
11172736
9913679
11600149
10617209
6809462
11578788
10992071
7700405
9040536
8812773
7653433
7501009
6419386
8669097
11052723
10537785
9040568
9738512
12477744
6476321
10290085
6562020
12637888
9254087
10363038
7042147
6822216
11158156
11527395
6443474
6540077
11010035
7857632
8790054
8843075
8584941
6451503
7939479
9184042
7241245
10648996
8489612
7389841
5244974
7392123
9669084
8264942
7973362
9007715
9431838
8201673
8505266
9662394
11312196
8793515
8984083
8277004
9469086
7642892
6272139
8487741
6021015
8788861
10303348
9025477
6534781
10493931
6264061
7215435
7057478
8770080
9270564
9377309
7263066
9384230
6920452
7789832
7520572
8937829
10836296
8344097
13304942
8966412
8093600
7744242
8075844
5613281
9705377
8112596
7857893
5774088
10462891
8819477
8778277
9240369
7354411
12870250
8443803
10458554
8456313
7707748
8810828
10955300
9684789
8160369
7852371
7995199
5333832
8219343
8446658
8474324
8603432
8680586
11972614
9091928
8357840
9809863
11293833
10124164
6226750
11106385
8906084
8876222
8224459
8455747
8878864
6333801
6439509
8917139
9708272
8413278
8148391
12278284
10610104
10476565
11531652
8478699
7031449
8367548
7652232
6533437
9401072
8231847
7051417
7611486
7545176
8814917
8661296
9652034
9069601
11427490
10508886
9707857
11439400
11104175
8557103
9215395
11602064
8659085
9984778
12476828
6572570
9430579
10163592
6455685
6051247
7205575
7459259
8726084
12226816
11694769
9461329
8050740
12634397
7231112
8725518
8311805
10168426
8856116
9081791
10777899
5985683
8001831
10773120
8815952
9491806
12428720
7020950
9935972
10239514
9901999
8127399
7922850
9053067
10406758
7069121
12088071
7272168
12302175
10709738
9576743
10833790
8494275
9534962
8216986
8831644
9308513
5961139
12139566
7859680
7343324
6954114
6464909
8754794
10777472
10812654
8127965
9653786
7312716
7836576
10802439
9349530
12635319
9642314
9081241
7990193
10537428
7340718
7206829
6167136
10579224
8461791
10606967
13460565
7397124
7306127
9208114
9168657
7877139
9429745
5840077
11564251
7948935
10986528
8747988
14479188
7926625
8539529
8591047
9236072
6405324
13468739
11074795
8266316
9388064
11541289
10630121
7948278
8653882
8884895
9826679
8039946
10174556
11245914
11949325
10581093
10724414
7528545
7527594
9261080
7277622
7421407
7676201
6928339
6071532
11587060
8354035
9289623
9931309
10857295
8421565
9311793
12469005
9603910
6087795
10186889
8611889
6371933
7665411
7602655
9888875
10891696
8767949
7511160
7804690
11103930
8805645
11756253
11207513
9134168
8348478
8746231
7004692
9575317
9451272
8411262
8295131
13302634
9369806
12425225
9906537
11430738
10121770
10875518
7952986
10337101
13080032
8187021
7503472
9029939
12548154
8970969
10581776
8417083
7054546
9989819
9772611
9454267
9204787
9856446
7464223
12395458
11909961
5537429
13236555
12875460
12446500
7724422
10398346
6744546
12119540
8584841
9725701
7421122
11025701
9001653
8829344
11332441
7304543
10340155
10244974
7889872
8854234
8718395
9482267
9356201
9137872
10368916
11236921
10841883
9246394
8800503
11052872
8536137
8257717
8023818
7238905
13511703
9990581
6155260
5603274
8616576
9030287
7225955
11358250
11550596
9863277
10868016
11796923
7277014
8043069
10305609
10364597
11109068
7649296
8821945
7978236
7177265
13682292
11303394
10252627
8915499
7451185
6419783
7308845
9508397
11085954
9110510
8744627
9892434
8577809
6385965
11426989
12111104
10464764
8091567
7666783
9009296
6427969
7063674
9235961
9654762
8729062
8594142
13111345
10225212
8860444
10854231
9540890
8216824
5674474
10634645
8538057
8000744
8436223
8983295
8847124
9046320
12149886
10629020
10041682
11367328
7580605
7829940
10450090
9152937
14430310
8301454
7816702
9456488
7469887
8465121
7350959
8934495
11180622
8310222
10926136
10473914
5581635
10724712
8093101
8431089
11162499
11340937
7143903
8248604
7858984
9541242
7284077
15331641
9908851
7500405
6518895
10442357
8666153
9980607
8461898
10105347
9369725
11583533
9553500
12786152
7149206
13219282
10588496
10618343
10026432
9398687
13148671
8568903
7132434
10036080
10053977
8111936
9246493
10962404
10489880
12806385
10419405
7750438
7633835
6888720
9099122
11184824
9369393
9997220
9664673
10413271
7930287
10302550
8297733
10490687
9225741
11399442
11294745
8893718
9827493
11881994
12504937
9393868
6778618
13617184
10120693
9398572
8870907
7169513
10152437
8451228
11245025
7472043
11535277
9822581
10600555
9289898
7657165
9122840
8607526
8973708
10070712
7541131
8973852
10913562
7967441
10857630
8448378
12775207
11764272
9248493
8538565
9051702
8680846
8953336
11226708
10070579
6823422
6886210
9130426
9256757
13419899
7839371
9386541
7431581
9122513
8683511
6276918
8187452
9603080
11560341
6338240
9921288
11449423
9267230
8667994
10146303
8541864
10709462
6887486
8327747
13644334
8708549
10248425
10032218
8749499
9679521
10571889
12118213
8423074
7233792
9567938
6558093
10048399
11884827
10592080
14429918
8006078
11812811
13092846
10713465
8727161
8605883
11655231
8064880
10686238
13829743
9379908
7221225
6756760
9271211
9734367
11011973
9341248
15679541
10721483
7524793
7147761
10187635
8033492
11053792
7538231
11634635
13162165
9809228
6892980
10949726
11022349
8294103
10420866
7111915
10095931
12060519
7746822
9787129
12685006
8719757
10133747
13764097
12430543
9244712
13224963
9933114
8931341
6136481
9073204
7926965
9980787
7788205
8757020
8127142
10432176
7916143
12385326
8565501
9010241
9310762
10316965
10641283
14785476
9666339
11512186
11279558
13216816
8668552
7662606
10688221
13124325
12469890
9289844
9728146
8221002
10175672
10691996
8759322
10194160
10804339
9546690
12430392
13173220
10214145
7120941
8829647
9329353
13314478
8888987
11672369
8616185
9624302
10647889
9442747
11496945
7357299
8585696
11805251
10242374
11467821
10071094
10578212
8083881
8797902
16187944
8920358
9871839
9670392
9431827
8975824
13216507
9721577
13266854
9440777
8599768
9228717
9081834
6365258
7124657
9144836
11758679
11140549
8348054
8883838
11259383
8907749
10188836
8209203
10568323
11342124
8432677
11774740
15719332
7788519
9085363
9171424
12915920
12183981
9778818
9769783
13108901
10621434
12639771
8531225
10965867
10308161
9103205
7129623
10913802
9004321
8552719
13096703
8896601
8417175
10493851
8871759
9289538
9554993
12482433
9828952
9448412
7725668
13999321
9757447
8633117
11429965
8629042
8271443
10915829
9292422
5997331
8667190
7815870
6443414
10242176
6703211
8529282
11142100
10712316
10205417
5925876
10964106
14211560
10287895
8118312
12830536
12884890
8203618
11046673
11901185
10108669
8387462
10101648
9185121
9109750
9996758
11811108
9686783
9478692
9876302
10097279
7759508
8064127
10152920
7478480
9370850
7254147
12151440
8557973
9211975
8741229
6692933
9061301
13621500
10294459
10065891
11904827
11471093
8039138
10484078
7895997
8385997
13182874
10112913
12493673
10732245
9414587
10462242
6533785
10923184
16067000
10848213
5306652
14052019
9496744
12899836
9819330
11411003
13597364
8533190
8809078
9106142
10939593
9155957
15298955
12231833
9343506
9082258
11000476
12341989
7950994
10179486
12477286
11099715
10515793
9815870
9840099
10805484
8393460
10231184
10344910
9152562
10790207
9983185
9748444
8352123
11258404
11461839
7861259
9561020
10840483
10667817
5346274
10198322
13706500
11338627
5993056
10679362
10668357
10134410
9046552
10207282
13638569
6624426
12055658
9590125
8102594
9663167
7410914
11278107
10467901
14631528
9629265
8719933
9951531
9884279
8848645
10659667
11384412
8847475
12436779
6656900
11192774
10183176
11901543
9643898
10288515
12504836
9243875
11820355
8673262
8860432
9203765
9753508
10131750
12521214
11013144
11425183
12754085
10458723
8789861
8499312
11184886
8446856
7724687
10038007
9714047
10251238
11495821
8111344
10731755
5329446
11149920
12377758
11659828
9474645
7588986
9462576
12143718
11493926
8583787
12470972
10594609
9119455
10758706
12242447
7869835
12713883
10574394
10635255
8178256
8378110
12794285
7164859
8206368
5832964
7748925
8566515
8512132
8213527
12507948
11015230
16104073
7818830
9246449
12533435
9836190
11189860
9917133
9741783
10433998
9405333
8784381
12534033
7361705
8443156
11142787
8472447
13842679
9303260
11967000
11523652
10727282
9382961
10505833
9435897
13221591
11218132
9710541
13608294
8450709
13696290
11181958
9851017
10603655
10386703
11305688
12356454
11460215
8713172
8883106
13141715
11062838
12960643
10782219
8971259
11836991
15820111
9934243
10504409
11853999
9179794
7855063
9442179
7232784
10962367
11740927
10333250
11124314
9555306
8166123
9959133
12977551
9548138
9347717
7603580
14479420
7747921
9620747
8142377
9861692
7945877
10731555
9054774
10362649
11276561
9373312
11760176
9496998
8372847
8408893
9466254
8824484
9426673
8661969
13562499
11375959
12057182
8746069
13274550
11288491
13917748
12082067
7569686
6651212
8568781
10121152
14672004
11194634
9498311
10998673
8677520
10251920
9939910
9612217
11064235
6854442
9877156
10654053
8724703
11291825
12606521
7552744
8200256
9265665
10735997
10291093
12786032
9913564
9371338
7498489
11605444
11244171
11847429
12044142
9137473
10264937
13141315
11645167
11851888
8698226
11222160
10290865
9610822
11919948
11176754
9968103
8825093
11472893
11848025
10339898
13055363
13701884
13723248
8287912
12068024
12630502
10260992
10439397
9914348
11155519
6961776
8863113
11970395
11422689
8517810
12001725
9044120
8119614
14595185
8281080
8942745
8916023
8593872
9165011
14196296
9209010
11377752
12618506
11295307
12383077
13064553
14142506
10793106
10280554
12748259
12152541
11847075
8956517
9635261
9428056
9620156
7187258
15288123
12237374
10783138
9682414
8684859
7427207
10167870
12502024
9867212
16242843
10040377
12133702
8770058
11858580
11054808
9657835
9123956
12769840
10864659
9445258
11812049
15805186
11545142
8704128
10957449
11051490
10141382
12788190
12485132
11534065
10943307
8626426
8644753
11775543
12016504
9301691
14143820
10110553
13665370
8990663
8897070
11453230
8986690
12452326
10245731
12239112
8454713
8237961
11759649
11660424
6767917
10687930
12194069
11478325
11094486
12637678
10138128
9202868
9062944
11211343
11503790
13917550
13459506
10115215
12801322
11327806
9132597
9828758
8466821
13784731
8396003
17147699
7332106
15305879
8687481
7251727
13358057
9307417
12905297
9259774
11914035
10936778
11285988
13519356
8712262
8431070
11256800
12212766
10929874
8692220
6957919
11312507
13236091
9477242
20403192
11869297
11832999
9069113
12401414
9139874
10992800
13594272
8674436
9542805
10272011
11964690
10595148
11106968
7842372
9438189
11612020
12398306
11324747
10296738
9473979
12926683
12642496
9501829
11676983
11358426
14137862
9817787
13365758
7836330
9636778
10322365
7277141
11612708
12898034
8805634
8272403
16931431
10272843
8410376
8780949
14801226
8244382
10606498
12620418
11169268
9255217
10382646
10732549
13136022
10290383
9875571
9254410
10970074
12968769
10581346
10561037
15417090
8975465
11452354
8975023
11967897
14269715
9184892
13077835
12049918
10590387
9841810
10473917
10805535
15386397
9462797
10137637
12246630
13454867
14256076
11019889
9518985
10076753
10807906
10960381
8965533
14285461
9183029
9196106
10508281
11013078
8965609
11181411
11866706
9414548
12216328
9914344
9913066
10262601
11959061
11913013
12415263
12347178
11566293
11912619
12411144
15759576
8843012
10682728
9613590
13083005
10745986
13226511
10821752
8552448
9997634
12043829
8996264
12145216
10347746
11244199
11844822
11545552
14745604
11385518
11815382
12112085
10075483
13258903
11336902
9575086
14004582
10864636
16048167
8995279
11338701
11134933
11218773
8297505
14907472
10026981
8676714
9314175
8689822
10782970
11459326
9036813
15582029
10538186
11227120
9908522
10841495
9467078
11383943
13732988
9334672
10467553
9783906
12386462
9783731
10147957
9530161
10912213
12373422
10717819
10635604
14540151
7385511
13452199
13579931
11339316
13729158
10032636
9238598
11810884
8270800
15014793
11468758
10179115
11025162
12405173
13036112
11059702
11130355
11009976
11364966
12898578
14221695
12097142
9715901
11036392
11587660
10588349
11415454
13365203
9870726
10502965
11751758
10664174
9753517
11031205
13605276
7449574
9886122
10989004
10867744
6953123
9486323
14545769
10699492
15823023
9260042
11202335
12240668
12256094
9832201
9492332
10115851
11393423
9805373
9845094
12554668
9999161
16331738
13264571
12313049
10509148
8698356
11673814
8809612
12692014
13373834
12861067
10816039
9931359
11063958
9893420
13904922
11751749
11187665
9928657
9307474
11909965
8970905
9822759
12100385
10332241
10368133
13220751
11187312
12483370
7721305
11676136
12812357
8665615
9784341
9768770
11565030
7498861
10598697
10400451
10668182
10297740
14634316
10694134
13062371
11679269
11079039
7963643
10808268
12105178
10072244
12616401
10100570
9454028
11134532
13758749
13897186
11410606
12270329
9966093
13565738
11421098
10788427
11344904
10064159
13583040
8551055
12158806
13090361
10124442
7541731
11893037
11679199
11312828
9975431
12079408
10958670
11515882
12065553
8407109
10807824
12578798
8264194
9467286
10644421
11169042
10935265
18292549
12055830
7052360
15583848
12440443
11159678
10927980
13759265
11436567
14092647
11965667
9540450
14219827
12937866
14371538
12855641
11310016
10795968
13941178
13328414
9128549
7692131
13204996
11530643
10900724
8656120
10771603
8616779
9107878
11569805
9890950
10927969
10684653
10220978
15319865
9844053
8954271
9072455
12683588
9266548
10333635
11609533
12463213
9579113
10519454
12117855
11761948
11435883
13002041
8358673
11674294
10705181
7886388
10319863
10200845
9527415
9474975
13347320
11606330
11497445
10722164
11365057
10431472
9820334
11299174
9105725
13533675
9261382
14364475
7974948
13374169
12458874
13077348
7207122
11588115
14404426
12110482
15905116
9866939
9093909
9009304
16573886
13120970
12622649
9948946
13661359
9413161
11614294
11448272
13051342
10085572
12029234
13680662
10514773
11926210
12918601
11162836
10485938
9636522
10995461
13005442
9255455
9551265
9107887
13128891
9872402
10575638
7983402
20669512
10594373
16598270
14153548
14986482
13572396
11684646
11542848
10303840
11038466
12814803
14622081
9202077
16423835
8585717
17510551
13405457
10577775
12643668
12136127
11106657
8473902
11746918
14828263
11566166
12890357
14894582
15317618
11924874
10947620
15020411
13752973
10640572
10258509
15014218
9663081
13615845
10180333
14415836
13759857
13525749
10747571
11140104
9748619
8406774
12828792
14610256
10939187
12749149
12596053
12248831
12961490
9384449
9563075
13869854
11544660
11727317
8386898
11459218
12196119
12367935
12979853
8901102
9837301
17158398
14480762
13221201
12793386
11591606
11892314
12005507
12330918
18173267
8724134
9480053
11155291
10184851
13906730
8066361
17485016
9232543
9758670
11902828
9820266
10296493
13311087
7898996
12898669
14805461
12881708
8873905
14968911
10770927
15807957
14120719
13459692
10488726
10125653
10136038
13230531
11371741
11968948
12287803
10858558
9786386
9071271
13128483
14775180
11908079
14985609
10833655
12292814
11538322
11783079
12134578
9499748
13686219
8227834
14040247
9659896
12940610
11651087
7006257
9991350
9795961
13492032
13562728
10603330
9828386
14203399
12672145
14020738
12938229
13254043
10535710
11056252
10603486
10932695
11515916
9061360
9264923
10348530
11318388
12222309
9854769
11707798
13926365
18092505
14004730
9508194
12420647
10656135
12752170
14190982
12562678
9970461
9281131
12751671
14647166
13579910
11865732
16100796
11088838
7837651
16505237
12881200
11032850
13540940
10935098
13336999
13684523
12071772
13116031
10429276
10477990
15039560
9266800
7665541
11056765
11099908
15804552
7749779
15440649
11648317
14759366
11559848
10372350
13197658
11482024
13490392
12762871
11460297
10776740
7303753
14503864
7875913
13431217
11110852
11513339
11512045
11827707
14148979
10941801
14876304
9579487
10072411
12052780
13261213
12591899
18530794
11771609
9622253
14764287
9396230
11987542
12570772
14407314
9587399
12383158
9198716
8175638
8269297
12141020
15631556
12677833
10525523
13148114
13444918
10981968
11395263
14293645
9626872
14061885
10908102
13647843
13993983
12685594
10717722
13358653
14067215
11301869
13778177
12642398
11271513
10187076
9315502
12028133
10666850
11300136
14282268
8219729
13928721
10858740
7815677
12414167
10844943
11240997
9783043
10764576
13819839
12391175
9992595
11840623
13824529
8518942
11887062
14034503
10861865
15532550
8524042
10575502
12664391
13553843
9450138
10333955
11695019
11463840
12017422
11989632
13756299
12128454
9626134
11870097
9862733
12495408
9525811
12075749
10065258
12772712
16686461
9421898
13189916
10181625
13650925
11609949
12364068
10715377
10062288
11085037
10925076
10456088
9749134
16979124
12588812
14149930
16736645
8639122
15169147
13493620
11594529
16806092
9679879
13331177
13218189
10349322
11296523
17203043
10748092
11110794
10942087
12047860
12017124
11563264
12228741
11632895
12837043
11085896
10852520
15718495
7958772
12854906
12153416
14690228
15172894
8597644
8686310
9550468
9101038
9815302
11750268
13620693
13419622
11013773
13666282
8997968
13049589
11326969
10151661
9472487
13338798
14763739
11561319
12598785
10785179
13420486
9583099
11669374
12111325
10935047
10385470
14650400
11440979
8471691
14158114
14077242
12578986
12453007
11119273
11825802
8455332
15200683
11386255
13314763
8876697
13574693
11147500
11502857
14777276
11658076
11524830
12871876
14091317
12119033
8430345
8970582
11411568
13254970
11122826
14454346
18037121
14881013
12068204
13286902
9032439
17366460
10304546
13216223
11249681
8781947
11528368
10365418
13322039
13479089
9579381
10695311
11443854
11791158
12883072
8946161
10717258
13073296
9647674
12478903
15413663
13185846
9105908
9260104
9275545
16178641
9770083
15032452
15166978
13501578
14473664
15024583
13408596
14132242
9944820
7288171
11402919
10358098
13283686
9379295
15589565
13171551
11469905
11086294
12635768
9101147
11566023
12224012
11006336
9455681
12009564
15437171
10767871
14784057
9512641
11169952
18316447
9066081
11849345
7165448
13718378
10418917
14355581
12691773
12696463
16554573
12884778
15350032
14382203
13840350
10365536
14127545
13338794
13145369
9551682
12856590
15213473
13451481
6821288
10881737
11879322
11192000
7841958
10316903
11628887
13319822
10703807
15238280
9750269
14084195
9567653
7844514
12237915
15981099
14800580
9911527
15060318
10366059
13713802
12634800
12074768
11637317
13532607
9680838
13428101
10301404
10359204
12937127
11386312
17106715
11662377
8499322
11479642
13176421
11417529
13111564
13831771
14779372
11366730
11286707
10936241
11057740
9854068
13973007
14818789
15910530
16261010
15041662
10703930
12613811
11084394
11568402
14343366
10433031
8887938
13175801
12703070
12675539
14401222
13070386
14584097
9896021
12834433
15540736
12703991
12096473
18180689
16030565
12162232
10228534
8839852
13439178
12572607
10502439
14281998
9986336
11851459
8568572
15813334
10712403
10099221
13643695
12422916
10173662
12565042
11561734
9899836
10065025
14514114
12774614
12477695
8767607
12280549
17004877
13544044
9616243
13527476
8999059
15852613
13997614
10713135
13223320
11155021
13307043
8542165
12523033
9561926
13365975
11545044
8752438
11828823
13511500
10031943
12185630
13044349
15182112
10958877
11515086
11532714
9936901
11282768
11542020
14439229
14213341
15157574
9841016
18821102
12026247
10385939
14567893
10059867
12608043
13151293
13524724
12942975
13581849
13805373
16573668
11716331
12120329
10522924
11175162
9531261
9827026
13750270
10473112
11668866
14265083
13616103
14615451
16561502
11982443
12103770
12111226
9893095
11330336
14722181
10829981
16956412
17973748
13143519
10461904
10887644
13979369
13200991
16033871
13189236
16844235
14033489
11379748
22084582
13248999
12223067
16163576
9695890
11871866
13287774
16177247
13275820
11420506
12286460
9389970
10642588
16054198
8127789
12011002
13083027
11138909
8340902
12085482
10177165
11992689
10832983
12880824
15242135
9110061
13912618
12180717
10984400
11153235
14850503
11013635
12323756
14171125
16147499
14820104
14429247
11824832
11801510
11070197
9888834
16779605
10478873
14176847
12805290
9841877
12784516
16057801
14319904
13714929
14689379
11143137
14745838
11783207
9878926
13127066
11508904
12488131
13574300
13683533
13352242
15178547
13843905
11791969
10146031
9942600
10448487
13920153
15010844
10449440
11877832
9095719
10295094
12728853
12692564
14055786
12070002
12042600
10285598
17445689
11357323
9960166
12350157
9220966
12840888
12362880
14899409
14696629
12715237
10485382
10976545
14651998
14134567
11930277
11167913
9184456
12616349
11523294
13692285
11727748
10888452
13386383
9341339
12256812
9457990
13312245
11303454
11872873
15806798
12119027
12877597
13520561
9342531
14489784
11064406
9902122
17167352
14310413
13561800
10448901
14087186
14948032
11708388
15691848
12370857
17756277
13159814
14564825
13135067
12577952
12453306
11891939
13767436
10964490
12046387
11899318
12363907
11630173
9265776
14269778
13071598
11204957
13742689
15879748
12360761
11950973
14951531
11349467
13192822
16657058
17392226
12408145
13626209
10148041
12463319
10938533
14306682
13120603
12295595
11916274
11801553
11777099
11241808
11859644
11720873
12350061
15599056
15573602
11965580
17106302
14374818
9651871
10547941
16607269
15565089
9446068
11833721
12804302
13537170
13222871
17349358
12581526
11240818
14153248
15228011
13767956
12115423
11428108
13320051
14833079
15377174
15563511
12846559
14417789
12620568
13532381
12800964
12540812
11662147
16384661
9390542
12315239
12018476
14349456
14963589
12384088
11490525
12809125
12504219
12834517
13244838
11301559
11569061
14713531
10983744
12379460
11748740
16135479
11929699
10934361
13369609
12328158
13945012
12659074
15564322
13003986
15596669
12435744
10011453
14317300
9252175
14271299
11152462
14351103
11994725
12838342
13799550
12314705
13139818
20399904
14836813
9732441
14094845
13127657
12902901
17524910
13332959
14558004
8090113
15532390
11490233
12353766
9728968
9738165
10826487
14507225
11535535
13778288
14035673
10645710
13910858
14761789
15299655
12827877
16773180
9646987
18039655
10974177
12268591
11108610
12215369
17667136
12438889
12974620
14501952
11427088
17966021
10116124
12395738
14998132
13825422
9202085
12860054
12220158
18886756
10265467
12025109
16138143
13968860
12948363
16427798
13667536
12380388
11612500
14413397
14605195
15190496
17454240
10923798
12195823
14715732
11710915
13998608
14223789
13150818
12279870
15354865
14936960
13516103
12891362
14833485
12715795
10198729
13697815
10811287
12326677
16024395
12996100
11075658
15814520
13782242
16382098
12060442
16297392
14292538
14409252
15253419
18805846
14939268
11989737
14984478
17024000
18597360
18132442
12929719
9053548
10928049
16271002
14269280
10148108
12387229
11236929
9940297
10972551
14081612
11683481
14400901
12673473
8553477
20297322
11066911
15061780
15490175
15193412
13106399
10912428
16082681
13382717
11503734
13626816
12644544
12605258
14672129
11503912
10124013
13955873
11381382
13891457
14204179
22052613
10902655
11690096
16161972
17878297
12817543
14804839
15278436
13036547
11723501
11674575
10740379
11122410
13766495
10337740
14103409
15213450
14337793
13017059
11581704
11250929
10843565
14724735
18445198
13928595
11006254
13458422
9894934
12283149
10125760
16505906
13902966
12223198
10748744
16865006
11425649
18214844
16625099
8655185
10598121
9707429
13485278
10504352
11254341
14110962
12613318
14469420
14043574
11609622
10413872
15301455
12854688
11544130
14175915
12551271
15642323
14466168
15257617
12893266
11827588
11287847
13897812
11872834
9776375
11864136
16122520
12527521
16475038
13318124
14159437
12380716
12716728
10418903
11117069
15461091
13148639
12922395
13387987
13752980
14515868
12972347
12628905
11870982
14684937
12307407
15662468
9585430
12914970
12798257
13110483
12914900
13169766
10403026
13686766
11448086
12400367
11443399
11336133
15297712
11589616
14480427
13711962
12533407
12159338
14176695
14634100
12024483
11967670
14407882
9002881
15173233
12240211
15573204
13657280
11848567
18428038
13081216
14210384
11898750
17246789
14388457
11506232
13010384
15693161
14983445
13796045
16343668
11163241
9004072
14003660
14921291
11998420
10646595
13333365
15461534
11407099
11672134
12284315
18988994
13802697
15405984
10951978
11935560
12395538
10934998
12383524
13401879
11137024
12892023
12807422
13942041
12779897
12476136
13316419
10176340
14127622
12394916
15450471
13990488
12789640
8811323
14334896
16939071
10361148
10700383
11900079
9830931
15032103
17388894
9714672
17455870
15356767
14226546
15202637
13116437
11268361
13937802
13075257
12428709
14772740
12380063
15862033
18824949
11259669
10838533
15156765
12447700
10497315
10429112
11399777
13072700
12977889
12942511
11671838
11669602
11057440
15914921
9281749
15860394
10424018
16309730
10741260
14187637
15075721
12319262
14563282
12773820
14237126
12562566
12520225
13517635
15006609
13590917
16477787
10650427
12851105
13548099
15279352
15717836
10868013
13416566
22136100
14878108
14359530
12442598
12281834
12839049
11537989
12051151
14400381
12109253
11919197
15410268
14690565
12712330
11548434
13948636
11834248
15271695
12930978
9843596
12725464
11343467
16074076
12555195
13415479
11996986
13610446
15601593
14184423
12435154
11548492
15699537
13214315
12553453
15090149
14206512
16096680
13697807
12000555
14301211
13243729
17487844
13415895
10994134
13518119
15689696
11811550
14556396
9275303
13134208
13176767
11437485
14047769
13973726
19608098
16934982
11526141
11620707
12287932
12056541
12063451
11165784
12585905
17782897
15819860
19650586
13774130
11260092
12607470
14658969
11565287
14726715
13324800
16405079
14671857
11809336
11958436
13623731
13166171
15951359
13785388
11861328
11179648
11920974
10280323
16571249
11104896
15542364
11650927
14386227
11411414
14544786
14147031
10315252
13036401
12114239
16592041
10665425
11042432
14004643
12141871
11885269
11345032
11707378
16144563
12496874
11134765
9156567
11396397
11729941
8283083
13802591
15364109
12454249
11747961
13669060
13985296
14632070
11308414
13995571
13174857
12778811
10743583
14436333
12891628
13799943
15388134
14384649
12224528
13581831
17586365
10911581
13115464
11615284
12539968
13391255
10845308
16176138
12460058
10558147
12227354
12367263
12127942
11786943
15418769
13973397
12616844
12601539
14112932
15720613
12619122
13305963
12964420
13327290
15849580
11654242
13457265
14940012
16570643
17243792
14963984
11437542
10892872
13640271
17512778
13862654
10796111
13630534
12760998
12311733
13472547
13852604
12213714
14704840
11433876
14051629
19051452
20863282
14873961
12509689
14065765
9696514
11867428
16606358
10867893
11180545
14394593
12908991
15079627
14618675
18209911
17154552
15343234
14957186
15740069
10756896
15052760
11058051
11845792
15671558
14089165
15290158
10942055
13158345
11039082
13456305
18171028
13272990
14209216
17964910
15906472
9814514
15288664
14456498
14701142
14254785
12854638
13224678
16323721
11271921
11297705
13282164
11966196
13793705
15654435
17396441
15363703
15768329
15615547
14231508
17332992
13440577
12384867
14062879
13819747
12694006
13075121
9514779
18376833
9994069
16244733
17731717
11204497
12620483
12503303
18846995
12903276
15029883
17130152
13888218
10617508
17638402
15368269
17036142
