0
174118
149121
194311
265210
186359
163903
340745
266860
229271
180487
201644
512835
358475
170803
260044
298318
289096
278675
428754
265857
398372
374741
337992
682290
420285
326186
487486
455150
502244
392491
423412
430452
516671
333943
356703
427300
659454
536987
666309
441830
654453
738563
640444
579040
478257
415948
519711
562334
530389
930061
805840
577757
564693
787346
853186
1323818
940953
626887
707603
596693
724338
891850
624496
757743
1169400
648943
910649
945636
776021
918262
1077075
614248
1041845
851192
849951
887714
988511
1174246
1048355
1076996
1012025
1074032
1261796
1130493
952155
965042
961572
734273
932147
1046974
1227595
874076
1014201
1327141
990488
1205576
1069293
1431129
1298433
1174884
946175
961666
1158223
1470867
1437985
1265410
1307101
1106785
1166942
1425993
1105505
1323174
1308483
1292934
1282705
1136946
1369019
1866657
1474563
1815227
1690334
1336978
1408007
1308989
1615407
1626142
1556287
1444860
1433553
1404110
1320456
1501052
1412184
1312214
1645975
1395069
1941365
1390969
1220046
2073465
1632175
2106774
1588559
1623950
1463145
1474946
1778366
1696504
1676327
1945335
1555356
1634859
2119927
2275846
1438435
1506531
1761890
1468040
1974280
1979298
1943083
2081075
1792356
1748236
1613119
1526452
1837567
1561909
1664523
2348957
2084974
1699677
1923667
2141014
1939668
1685771
2111827
2301657
2099140
2237051
2325505
1955591
2189265
2081748
1768471
1928929
1922560
2128081
1964898
2106140
1744843
1814862
2269436
1825556
1986911
2203373
2388195
2120101
2873772
2535556
1908139
2143046
2219729
2305463
2442794
2196881
2602440
2386021
2545889
3006775
2334337
2359623
2461687
2371348
2583612
2255683
2712471
2634205
2372061
2661125
2916051
2074598
2423787
2952667
3069184
2722417
2682833
2602948
2206541
2538722
2480631
2732239
2931018
2115686
2799959
2359337
2248579
2704344
3181035
2722969
2795084
2733449
2568861
2481344
3441421
2821665
2801710
2926473
3599145
3064333
2729808
2595832
3030168
2582849
2637393
3403308
2475294
2579684
2899452
3196418
2788698
2941975
3601349
2923003
2734397
2669585
3136741
3442457
2955693
3304678
2915775
2997078
3483166
2879330
3167372
3896969
3249161
4173650
3047722
3400629
3423777
3656753
3711938
3028912
3661078
2735636
3804985
3932488
3403664
3383270
4094433
3079313
3242119
3600926
3185767
2784511
4043226
3451010
3693176
3966163
3475801
3674092
3332920
3819159
3773031
3696359
3638982
3816058
3504419
4009744
3346517
3240463
3494663
4438875
4066275
3447816
3082254
3899643
3722497
4058194
3365849
3586149
3662908
3453130
4016800
4027782
4027972
4259712
3923909
4259563
4259192
3755769
4020836
3827672
3486013
4044396
4041118
3589519
4167660
3303776
4242110
4427489
4375709
3977744
4317926
3581503
4504570
4721972
4136009
3929972
4145908
4581525
4219779
4288372
4168951
3673362
4539695
4106633
4348945
4253696
4384777
3875824
3890220
4462898
4257504
4231091
4290094
4045421
4820332
4556299
5177189
4180881
4383690
4818745
4420883
4974975
5321674
4625644
4698174
4068408
5484791
4966850
5017874
4618030
4767178
5231595
5052630
5350515
5527423
4759698
6492663
5406363
6207526
5501279
4577678
5144425
4789376
5808746
4821563
4737621
5402099
5510693
5063555
5007367
5075884
6459449
5486065
6084159
5074588
4727673
4668337
5066987
4282281
5486628
5590537
5578069
4843091
4387915
5343180
4665224
5282070
5317475
5877351
5331981
5718442
5870609
5236212
5088681
5088234
5208954
6459505
5581895
5377980
5837628
5913952
4818105
5771838
4930916
5407117
6018850
6730721
6376776
4929842
5588597
6155082
5184355
6280965
5335115
5843782
5398123
5757537
6240600
5130202
5507190
6485416
5636664
6296162
5811646
5010617
5996763
6859064
6430083
5427217
5346966
6026582
5943205
6644457
6009116
6311485
6298063
5947425
6581216
6713009
6567551
6647860
5896596
5879186
7659586
5917452
5731775
5770698
6486934
6891621
5323562
6969414
7596711
6089552
7390088
5353049
6150040
6387276
6471454
6719894
7385848
6000505
6190169
5959526
6787687
6499735
8002260
7382177
6639740
6850371
7009213
7323241
6532728
6564501
7565136
7225698
7076726
6014098
6832829
6558753
6591139
6844159
6517592
6537920
7365231
6691660
7336516
7224250
6931447
6605180
6753040
7180550
7175573
6953068
7699048
6961879
7871390
7083939
6832174
7392914
6609486
7853216
6684500
6317849
6809924
7126642
7018810
6628769
6630120
6657652
6895278
7842189
7985680
7340586
9116603
6874892
8435335
7086523
7703303
9005680
7869725
8006320
7586780
7657124
7920153
7392503
9150625
7248597
7631899
7491779
8279259
7477945
8823979
7604035
8341932
7641107
7487616
8180391
8839862
7016315
8390835
7967344
7898181
8653554
7597618
8095373
7911516
8609825
8118610
8356178
8220898
7794468
8405973
7993788
8654744
9134258
8349426
7793171
7797871
8251309
9061839
10097376
8097587
7723263
8193281
8459387
7434864
7907929
9293538
9508396
8990946
9876591
8733004
10759958
8404885
9783113
8764127
8730248
7853191
9419515
8890205
8957469
8179690
8975153
8594215
10233337
9514124
8790532
8419751
8781612
9911453
8891546
8618672
9863479
8594101
9451142
9255175
9404225
9589890
10274110
12027710
8996098
10262952
10924294
9270163
10084321
8155416
8486054
8576681
10405924
9209008
8947980
10094183
9679140
9214840
9550216
9956700
8813238
8252608
9406025
9672279
9134802
9288114
9217296
9858784
10674260
8815955
8859636
10039384
9603170
10242704
8852831
10127681
11157496
10185586
8926099
8996672
9994728
9334924
9988178
9430947
10458564
10155179
10396103
9971183
10052576
11740981
10758171
10166502
9913834
11277304
9976969
9927786
10023945
10025087
9810857
10309828
9845872
9983418
10903722
10909692
11353481
9688785
9791912
11498579
10846387
11252101
11483768
9317293
10377771
10800974
10617846
9140924
11648980
10440736
10385738
11017920
10554327
10125620
10754679
9999992
11834455
11200441
10302057
10861768
12730881
11254579
13429369
11581525
11306833
11504078
10489415
11605810
11881844
12094797
10113762
9842279
10711082
10989515
11633178
11173893
10335659
11581277
11086057
11182833
12123659
11374770
12016377
11891336
9916020
11147217
12713890
13329382
12243536
11346810
11163811
11657288
11944653
10839173
10672657
11577701
11349220
11289980
11412262
12038748
11822194
11669330
12007917
10225335
12572072
12400736
11282516
11031381
12888384
12258574
12703775
11697082
11693238
11676527
13832291
12387902
11731720
12106071
12579539
11893356
11561073
11830958
12979966
11783098
11339243
12278313
12515088
11329395
12287547
13188772
12170653
12495692
11959164
11754268
11865122
12735705
13655286
12686865
12435660
11496075
13114063
11118654
13042024
12105138
11193363
12961658
12913943
12606358
13518436
13222466
13311389
14336793
11744263
12916991
15118837
13391763
13165604
12954607
14825351
13766073
12868190
13573798
13852105
12598602
15169092
13423179
12246982
13186268
14066414
12242843
12358256
14089954
14786462
13462017
14172609
14625234
12322453
13821951
14130964
13157348
14308405
14665089
14643772
14820105
13952534
13191841
13173273
15876563
15254326
13124496
13826790
13941945
15230254
13534697
14739947
14706867
13180518
15142457
14003446
14005282
15453563
13377921
15099793
13151634
14547137
16117368
14295037
14635907
15117877
13878261
15566278
13943941
14735123
14047442
15195433
14990691
15291847
16534799
13985738
14232450
15496757
15784373
13856558
13570200
13763328
15855866
14368238
15609299
14351143
13950159
15621959
14390072
16084877
16040818
12980507
15902351
14963569
14365171
15672046
15244271
15128052
15968083
16234057
14066921
13711625
14658954
13467424
15074297
15609092
15152646
14690519
15550715
15438435
15868745
15276384
13868439
15795496
14665072
13762025
15718729
15283631
15684432
15832619
14126647
14276071
16823571
17501154
16033887
16420655
15372500
16764074
16008615
15731301
15744113
15282348
16814089
15168814
15747903
16806619
15610172
13914922
17746320
16964005
14567576
14436577
14837543
15607422
13294106
15982098
15430211
16344019
16621856
16718917
17045588
15772866
15726502
15671135
16164837
16045379
16165284
16735212
16100081
16344633
15257395
14207779
16681734
17097192
16548880
16187371
15525954
16302071
14957086
17867376
17437862
17287502
15141681
17637608
16882862
16992855
19120036
16918913
14886029
16201006
16909363
18464423
18055470
16702727
14932489
18334982
16190068
16765677
15885079
18706576
16381952
17931622
16003969
16822236
16811605
16936897
16208022
16933788
