0
17826
681
251
492
178
5632
226
316
352
7778
785
1579
325
8185
16046
219
19210
1693
12597
204
239
2375
7422
16215
14674
349
42975
3720
8987
16931
32622
348
12806
8960
341
4346
257
2775
3641
15116
475
3108
2181
548
9908
15117
23110
331
1261
107399
41773
22300
341
27411
195
502
404
17389
697994
277
16437
17062
315
520
393
3095
346
6055
18805
7496
261
348
2023
22805
218
32048
668
21782
315
358
285
942
9382
20548
7677
2271
26375
290
110023
13030
14370
2203
1561
1986
478
32010
11790
340
564
367
331
14607
6592
16312
213
55527
6309
5561
1104
7926
9086
562
3760
17228
6173
601
47277
8665
12325
3006
49500
663
23158
17137
1445
944
1361
24106
15077
6414
382
8994
23332
2853
226832
377
622
20273
408
44125
19924
838
239
6531
196
42477
373
393904
9817
327
797
346
103849
39959
8659
16016
49911
44732
13421
3950
21107
212
1004
31977
4465
21625
313
76941
889
12142
554
65322
3762
12893
21127
8683
346
340
32838
12603
938
5432
27906
5893
758
249
252
12684
8768
552
364
17755
262
4594
1404
1331
443139
2951
16195
7549
409
87510
28720
53909
428
17458
2124
13478
288
911
496
2613
312
37940
630
4326
4955
876
12485
454
191
26191
209
316
3376
20101
5555
23265
118104
7288
500
239
508
305
3147
17658
249
823
22024
12575
787
27503
339
501
284735
13596
240
37472
388
264
4705
1355
7920
6229
11664
11963
473
1417
6916
738
4477
230
35334
50638
18589
454
9891
381
269
1181
8229
18195
17594
44240
3278
2927
15061
5002
7301
20286
959
2262
8734
863
283
28208
2092
19324
3420
440
891
67751
316
32533
994
956
11935
4344
2781
6397
493
6324
329
143113
2119
28438
48523
48228
24191
328
13040
379
281
255
503
874
40312
468
15172
16060
925
912
13537
311
56191
25382
17752
13841
413
748
25808
160
11091
398
259
25845
43423
24555
944
36246
166
82082
21658
4069
7889
1403
6659
28485
29242
10061
16224
12026
3911
14141
858
19037
5979
401
456773
307
22137
16267
9394
25985
662
12545
12641
19360
421
9853
288
118807
34042
510
40635
311
54365
9778
8302
3429
5921
13239
478
235314
70058
15471
41897
8644
2996
3683
29431
192
23850
735
738
6570
14671
227
13610
298
1815
300
28619
1949
860
219
493
11620
19778
91649
14598
14460
273
19502
1371
2640
4911
469
19259
4085
27196
6627
11230
2523
3276
1069
7848
20092
11448
39573
13561
10856
49798
247015
388
1344
2916
13947
115196
26670
175
3459
34495
2131
9170
264
1240
5020
287
154
13500
14554
1509
651
61632
765
5442
19881
494424
17953
556
151509
5262
29472
728
26869
536
32972
3337
3305
13500
513401
570
23224
8069
4311
19479
401
662
21575
3247
2914
9302
25022
2766
12012
678
5003
14381
14163
3092
8051
34233
889
252
86905
306
210
49976
13955
80061
61421
4891
24185
30052
13573
10740
24118
9638
5607
3304
3750
593
26527
3510
478453
1248
2221
1811
4415
630
17062
197
658
5508
484273
12837
2395
287
22870
2079
22391
20799
29659
19764
10042
27406
17609
289
344
4479
19284
524
261
904
12244
3871
280
27758
9132
17679
23864
196
6669
290
57866
7186
24171
209
1440
13876
6460
407
1493
4165
8447
8808
201249
50461
14738
50799
73705
21405
14095
6018
12147
617497
15917
5581
893
2958
42834
4817
6606
9117
14426
2587
30733
737
527
26474
21455
26144
187087
403
23524
370
4994
9778
9442
16204
22993
477
696
114775
3849
2916
21000
1975273
16151
266
8021
21399
7197
2784
98312
836
4598
18195
24803
9578
337530
19735
6869
12385
18718
1469
131041
17630
15930
115228
92232
1639
279
1666
88297
24430
32967
13939
236
30593
13655
13249
1369
566
25677
13274
1988
419
100249
41885
10820
41014
766
234
34563
28311
55322
23777
456775
350076
20627
19835
994
292
1077
12179
41860
8886
10041
65057
7106
17363
17704
19811
508
510
9161
1485
297
396
291
35012
995
2538
29232
3221
15630
470
218965
259
283
13512
154610
4422
233
25291
1532
5558
1926
416
26058
229
242
1915
26653
11079
16221
72655
669
988
19107
2346
24453
394
1732
546
863
2503
361436
19558
31427
3550
798
22450
126198
10446
310
7318
10221
16780
5833
2244
437
2318
19617
7497
24271
2373
12878
70673
13671
4716
15357
1915
13733
10439
11990
21777
200365
14261
10395
18848
28146
1229
874
569
61954
24987
28095
4937
3521
55549
37613
19748
71880
10268
8501
3021
228
12359
17788
18250
137707
1842
43060
704
13954
6988
23197
926
21768
9116
32885
659
31657
22939
46750
6728
8902
1417
7546
6024
1734
505706
1315
5761
120916
17535
31979
10848
3535
368
11119
13769
1309
521
28880
1020
13920
2246
24514
10267
341
22100
5624
19317
17429
161729
18666
2060
15733
1359
1223
8312
50762
472528
612
18925
13196
661
24144
1601
11490
821644
9000
268
1273
5346
7247
579
24778
7768
25057
17996
2478
12976
1346
45713
5908
41170
5179
671
11392
34207
2271
22201
19869
25833
4686
19558
578
10772
8788
1663
1270
1428
15271
15996
101727
8688
53379
77941
2081
344
53872
29699
30549
17601
721
2047
6997
113273
130115
2773
15252
79745
2505
834
24159
17578
9412
1466
3049
17224
2835
33080
2450
474865
2366
12318
34964
17512
540
30045
1574
6079
23815
24217
54969
316
36767
41711
41844
37452
48005
16576
1814
5299
8257
13862
41245
71727
422
41338
24493
26024
7314
22745
7398
7068
95941
5419
17820
6769
11796
3578
304
11204
14203
76164
51006
31293
16236
1204
16344
40697
1520
9173
27156
707
7532
30549
59030
1605
2912
10395
7960
4725
21349
2634
15775
3927
21109
1100
51397
4883
27349
11211
4308
410
61225
25665
1633
873
5196
322
11110
1973
14301
4112
339
1613
314
10117
267475
3050
1080
6353
290
11073
9378
53546
2401
39382
8321
12272
57730
1890
