0
77831
449
19701
14521
252
515
229
226
22231
418
553
274
563
11331
7133
8644
19602
535
242
313
222
18877
1434
3757
22555
445
17568
11453
21240
15143
12536
12243
8422
11880
702
337
8656
565
73778
8979
15304
382
22050
20298
10729
979
28679
23889
20041
2601
15189
5444
68524
370
461
17161
5498
13820
367
354
213
85322
23407
416
289
178
24042
3094
427
300776
60187
306
406
14637
11690
325
1290
28366
254
170355
23564
13048
13511
11010
24743
311
90129
1809
157987
12052
27746
394
714542
14894
6039
39808
30356
783
10042
300
667
24012
14596
9879
24106
682
1459
265
14091
12253
26710
474
8116
3584
26732
28316
2321
8119
10403
9227
8693
43865
24806
18273
19775
12119
15910
10191
48512
25910
31005
287
30267
335
29056
309
439
56985
19770
559
29431
37272
23194
34707
14639
48492
31355
13708
399
6144
31586
11274
6390
28536
14058
724
17699
29603
49974
9589
27368
8159
20186
19710
12463
42285
12794
82770
23545
43570
28294
26595
92746
12875
18893
92843
38373
8489
9503
218721
100572
28970
313
29295
116238
19755
20600
11840
219010
20489
23377
25772
37941
11043
269
30403
19077
30815
24942
6631
25190
19486
213641
11600
25256
67081
13345
23216
28890
171115
30112
9187
44350
806
103282
11274
10748
18637
217
31008
252
9833
26101
49019
42493
9234
775
290
104904
39027
36431
22975
14509
220448
25165
34307
21011
43465
25396
62208
17920
9238
29715
34105
41141
18599
7546
328
45073
18083
24595
14145
21794
8044
29616
45705
32712
42865
25102
30230
36049
46838
59429
22454
66842
16627
121501
22043
489
35459
36919
229367
9161
298
443
25341
10399
25770
32531
7376
24238
9271
12060
17243
69942
87861
294092
30802
449110
73887
16026
222470
13883
257424
96115
12876
342
15211
58061
1045
64923
37632
24434
25393
77021
24067
55278
17664
31462
23048
22404
64774
43963
46442
18663
35008
26616
21727
202938
36224
39048
74912
32160
61410
50350
69661
79425
19265
36789
43906
12040
255
30665
66414
73023
15818
16460
20299
29817
88430
9659
21874
59002
42797
54892
48024
19510
136257
68968
7460
27547
23387
37885
2423
30014
16047
253
39322
64078
39146
332
41045
19227
50077
46854
10530
47844
113954
35546
78727
36068
377939
147307
16360
59264
14297
18139
59442
46805
17653
24223
13671
207036
29621
40666
44352
59879
32460
33198
25282
21830
59343
407374
58842
33289
7537
466815
10167
54599
49482
79467
273667
48211
54271
63271
11255
50624
163055
77136
136233
15612
25860
254
33269
3234
54077
211932
40688
43339
23977
9278
15642
82203
62697
37726
12158
22646
70937
33643
40002
55717
39922
30381
533
47199
84841
23737
28311
27894
16504
32428
161345
21708
303576
85928
48180
64151
50630
101650
75716
29674
61282
228827
183742
716059
33477
74476
27852
595
89022
97535
255660
8539
108148
38943
38026
10996
19870
26246
78915
28713
356675
58655
364693
100051
52299
61623
50337
13840
51003
30795
151496
72409
476
33120
33550
109441
160759
247589
40069
35857
55112
52979
43882
23825
29891
3290
7879
20082
45193
18504
73518
24396
123146
359
15464
98126
130471
37289
34391
46653
100642
106229
34721
22878
31861
59025
47642
5245
74816
63687
39263
25831
2049
60156
324718
68459
131055
56566
6988
102008
41640
138441
56890
69406
41488
108157
25830
98892
12296
328499
31997
57591
44765
104267
40637
507144
514980
31266
18869
56609
97940
58146
471028
59067
51405
56778
96303
26732
767
45725
64237
88562
80936
34024
2436
112025
120374
36453
115068
57776
109613
53380
31665
76098
17447
15039
54868
17199
127222
13394
80614
53296
41530
18673
21375
509564
30561
2080
297269
105573
107186
184385
7697
332565
51464
74626
70735
31682
87232
274090
16834
22577
81761
69922
116311
36100
65115
51675
33715
8994
36198
163429
152464
54258
81004
73890
254189
229919
72091
53333
51352
57088
13054
28011
93412
61340
56004
49930
378275
446978
69994
115085
129714
106649
36405
37631
56036
123881
41642
228575
149395
165975
43035
195571
33479
52898
125295
124212
94442
11608
69918
31383
193847
110402
22606
90697
285335
32431
19743
20084
32220
47989
54653
72189
6603
96214
35903
86464
860
49097
53987
104262
64043
77577
82331
68002
36001
83773
523282
122407
16296
64783
677979
56566
81177
133872
128194
135414
73198
32030
38237
28108
78029
122761
25257
107540
110523
27367
49005
105187
52257
41624
107798
74263
30462
44743
28148
32960
48933
131023
164825
96840
322915
108567
322568
114404
89010
64646
80992
356630
68288
33239
33456
34139
40383
51182
15729
98637
114061
38035
7253
90111
310121
51488
200002
160087
7807
90203
92045
129075
211807
56081
28830
56915
22237
29250
354810
146043
171225
229929
142288
57097
123351
71541
30954
71279
76347
81126
189320
328221
53309
247565
49985
128153
49152
147711
34119
281097
21290
54123
186537
228136
44109
55398
82003
40995
108383
176784
277317
77300
145906
101251
24640
88890
82979
39516
60538
52517
243303
25753
84175
94823
108645
152945
67229
29522
85955
85171
66188
53055
102305
158823
100727
81707
84717
55347
70982
176739
168700
51702
35319
59935
86919
96975
139990
229911
297936
258973
25995
213520
94246
406272
101306
51707
138324
33020
129304
125638
45066
120992
68695
101566
52342
34360
188481
95803
272868
54075
62224
327272
79744
131588
104063
54887
185545
124331
152528
101767
69386
257079
221258
128024
65649
112232
106980
59797
43002
116351
188307
23243
156185
145820
8786
68115
512761
230101
249843
330714
1588587
455272
103226
132037
38137
165842
1156582
187554
341245
78073
193757
210164
43732
115121
237537
23218
121746
108362
128867
258995
57224
90348
146184
71928
111537
50981
65551
158847
34732
278295
112130
813655
165082
156334
158319
48440
99238
21584
779709
428685
157262
608750
46840
91887
206614
88929
148982
91907
93886
36311
23612
466967
306892
99053
1322992
35624
53792
61189
211089
83227
132251
250302
118133
127307
129431
125333
82470
107499
128491
116722
44402
101025
188637
116721
209239
22208
54355
97796
114318
329548
115334
148390
63165
156100
278928
293749
90712
316609
96079
270038
28718
599743
248686
76287
79334
110252
48806
129992
72222
159953
90220
118100
14273
58370
38000
206197
163201
138839
123051
86541
281896
219342
340817
393057
49589
88692
480193
114777
166654
58731
140432
112631
87590
171231
209544
51024
49928
234036
64690
871803
