0
261
0
0
420
0
361
0
0
377
599
56709
298
0
342
54464
191
440
302
0
2771
0
314
241
0
476
0
248
364
269
388
211
37761
287
205
3326
242
118018
286
222
39960
836
301
20928
380
233
0
325
45336
340
0
402
0
232
0
0
243
37233
198330
436
99726
0
191
0
0
1405
307
0
0
308
203
0
284
368
1573
313
291
496
374
393
167791
0
310
400
586
355
717
0
0
168
0
0
0
0
406
419
428
277
580
0
159
0
259
0
0
422
235
984
749
0
0
906
0
0
389
813
119
373
212
0
652
151
0
277
233
348
252
0
0
0
234
0
0
0
256
0
0
130
266
43857
290
5044
185
59433
313
0
232
0
356
285
18935
76784
0
231
0
5697
0
0
0
230
0
0
232
0
0
217
82978
277
42778
385
0
721
0
0
404
405
0
247
160
0
0
0
101
282
334
0
124
678
0
25734
137482
207
300
487
273
129
185
0
216
332
0
412
207
416
49094
0
0
182
698
0
0
0
371
0
0
32263
335
46574
368
154
27883
0
0
203
429
237
408
0
0
254
2140
289
0
0
289
0
1852
166
215
370
209
119
225
0
50760
203
318
246
0
0
0
212
214
128
328
163
381
0
150
145
0
0
652
198
285
0
146
473
234
0
672
225
213
240426
72527
351
401
0
169
0
110753
0
0
176192
0
0
320
376
509
32356
642
0
0
0
301
0
320
246
440
0
238
352
68689
440
0
343
265
0
0
374
0
0
556
0
115
0
0
180
0
0
157
0
160
176
248
183
0
177
2142
377
355
0
249
244
0
0
0
105
205
1931
237
110394
0
337
443
363
0
265
0
184
149
0
1840
4608875
269
242
412
159937
0
186
39019
0
294
0
189
0
380
23026
148
42967
0
0
197
195
259
0
290
219
49880
0
316
0
173
279
0
0
320
462
0
501
217
128
239
0
291
0
158
0
0
1170
427
198
158
0
276
0
354
0
0
380
128
261
33449
0
246
406
0
28304
1872
0
0
0
287
111
475
297
44477
260
0
0
393
182
26035
229
0
327
327
39064
353
278
0
0
166
175
376
0
0
0
0
0
461
0
162
0
0
342
411
314
0
936
178
392
0
24358
120712
0
0
283
65989
0
145
0
168
3118
219
0
0
0
332
131
348
120
0
230
366
205
0
0
0
168
0
0
335
0
257
134
853
237
266
198
1993
227
364
0
63335
94798
0
448
441
349
151673
0
133
138
110
62764
0
0
361
0
0
106797
142
332
35700
175
0
269
129
379
0
271
379
340
344
0
0
0
546
0
153
238
180
372
130762
307
1946
0
313
0
163
67411
194
0
118
0
377
0
0
282
139175
146
0
0
178
213
0
0
188
225
165
83482
220
120514
134180
97073
41061
0
176
249
222
0
376
113948
332
328
0
125997
530
0
0
93712
0
229
171
459
784
0
0
0
0
0
0
205
0
222
0
680
0
0
0
15599
327
0
0
0
580
177
116
52478
112136
302
249
0
2524
129
100121
137320
0
275
58018
256
158
295
31124
0
0
0
534
158
253
256
204
171
703
0
127
0
248
0
0
484
328
906
388
0
44175
223
676
321
233
0
0
65501
178
140
0
0
0
270
0
0
0
364
59978
0
2230715
0
0
299
0
130
104
502
370
0
476
347
537
0
39446
0
207
264
0
0
110837
0
262
162
0
0
395
186
159
0
11687
395
0
688
59233
298
109
281
169
149
42816
44150
530
316
0
320
0
364
0
308
0
0
971
252
334
0
118
386
0
118
0
658
0
0
2199
0
287
0
305
20678
282
0
172
46768
261
0
240
0
0
302
0
23967
0
0
139
389
0
125
146
0
0
248
0
24272
40221
133
0
400
577
1084
0
0
240
1079
0
0
84367
307
0
708
372
244
0
0
0
201
163
267
0
252
416
240
0
259
291
365
158163
0
0
0
1838
389
325
0
236801
0
215
0
1182
100189
0
327
2040
105
145
0
267
413
464
280
0
0
445
529
160
0
0
86209
0
589
91
0
346
0
88453
18222
49963
297
585
35582
0
499
274
245
215
144
0
106211
0
228
137
239
209205
713
0
325
0
0
4966
184
104925
197
0
292
299
254
225
437
0
0
321
0
0
529
121
0
0
0
48968
214
0
85803
0
338
78106
0
146
58494
992102
226
302
316
0
0
0
0
0
18679
554050
321
1209
258
162
222
175
0
654
548
292
227
166
117
36651
152
190
1280
0
0
0
83299
313
152
0
303
563
327
0
197
418
909
175
194
462
30944
0
25584
0
351
0
405
218
158
34662
0
0
0
0
362
0
0
0
39560
173
0
355
297
0
0
303
331
414
222
379
186
0
0
237
156
140
238
0
0
503
344
389
2000
162
344
0
917
77245
795
218
483
256
184
177
0
0
113
0
0
186
129415
324
340
268
415
0
143
0
253
0
2026
672
0
676
856
0
47965
287
353
0
175
167
122653
0
0
365
180
513
70542
625
341
0
2371
205
337
0
0
0
0
38966
293
377
0
330
458
1028
1525
259
0
503
0
0
32921
0
36965
253
1683
210
218
241
1247
173
109
7900
0
0
317
47777
306
0
0
113
269
226
257
342
1564
5389
191
38203
0
0
0
0
0
217
264
0
0
1246
0
450
187
163
213
305
135
273
0
328
151
372
255
0
0
0
0
0
0
63801
381
378
315
199
148338
0
0
219
0
235
0
54855
26188
290
0
187
0
0
0
0
87737
208
792977
458
272
0
0
0
307
303
0
0
0
772
118
46982
0
290
449
94831
0
388
358
78615
23881
225
404
0
0
48485
0
248
144
58954
321
0
0
774
794
215
81091
387
257
0
351
152
405
133
158
364
0
308
0
301
0
483
849
83259
0
0
1165
434
245
0
231
0
272
380
0
109343
250
59682
159
1243
339
62155
483
542
245
0
129
104203
191
354
397
313
921
392
533
0
14078
0
0
310
336
132836
45715
224
115
0
56915
79743
402
0
78221
548
501
168
0
363
198
314
0
0
0
268
222
398
0
259
216
0
0
421
600
0
74549
0
147
277
142
0
0
461
200
508
417
0
365
159
295
6951
0
317
10380
0
320
239
834540
349
250
244
0
0
0
0
153
334
0
292
244
160
0
0
33688
201
44845
0
384
624
88216
0
0
0
52784
0
269
0
0
0
288
0
246
0
138
0
0
0
0
373
364
99037
148
632
0
1657
280
0
0
341
337
28210
0
364
0
0
185
207
395
329
389
1465
388
0
0
0
214568
1073
154
0
0
0
420
0
129
0
0
368
318
0
258
558
0
204
441
0
73396
71359
0
298
0
179
0
0
328
308
0
14719
153
29606
370
102511
0
364
0
102
410
505
51457
12287
305
37798
266
350
225
0
42138
161
157
273
0
20855
36788
245
0
206
235
239
0
0
0
0
653
270
245
0
34456
0
0
281223
233
348
577
560
0
58337
164069
95951
384
132
167
256697
335
239
157
0
0
39705
0
0
331
317
271
54591
560
2235
271
0
0
0
0
0
0
49092
0
3951537
0
278
0
0
164
80890
364
0
0
0
0
0
0
0
359
233
161
0
287
0
0
179561
193
709
246
820
212
0
186
298
74988
292
71489
101846
162
0
425
0
0
0
0
0
0
280
273
0
554
0
177
295
543
0
0
93589
0
259
0
166
0
0
1072
0
0
373
0
64235
331
0
206
259
414
0
0
137
329
0
53508
233
103085
0
302
244
0
0
474
461
81316
488
213
0
174
249
0
237
269
0
429
0
1638
59906
338
35508
0
305
115447
677
0
135
86561
0
0
740
409
0
0
315
171
104
1633
1158
157
141
0
31735
0
189
0
197
0
199
0
0
407
224
0
0
0
0
0
272
355
235
0
0
54340
649
231
147
154
333
352
132
55748
0
244
0
0
0
10547
0
150
61013
234
313
0
2798
46034
0
429
0
46691
29232
713
356
0
39203
231
0
0
147
0
72683
331
588
34865
167704
0
309
254
0
429
60964
0
0
178
0
0
0
0
341
260
313
0
0
221
301
321
161
0
0
90352
162
148245
0
91341
0
0
210
0
233
154
338
115
436
0
404
386
0
167
0
0
2322
0
0
0
0
85849
413
0
0
0
34573
0
0
176
321
283
2512
137
282
0
155
282
237
0
0
0
206
0
192
339
89202
243
39104
91503
0
0
407
316
0
133156
243
249
222
193287
10635
1001
260
0
60699
484
540
242
406
52094
231
308
304
579
0
0
321
310
127
0
0
0
239
25923
0
129
352
685
161
0
0
63789
0
0
366
142
0
300
643
0
220854
0
158
0
223
0
0
0
0
0
0
131468
0
433
113
144
0
78204
10473
276
0
312
0
18224
0
0
134621
0
476
331
0
48175
0
268
9068
0
464
115378
1577
0
0
300
0
500
395
313
146
259
278
436
0
35783
0
3601
295
43079
644
60597
2523
319
72904
0
26814
0
0
384
0
0
428
0
32541
397
0
146
91330
93
1105
0
148
180
309
189
0
27498
894
0
29341
219
341
367
0
84544
222
0
539
0
0
186
124890
1143484
0
314
0
314
0
0
0
0
1791
165
0
377
0
137
156
86671
737
258
267
0
0
0
0
0
425
88164
217
0
0
0
160
3957
702
243
0
0
477
0
46308
0
216
36919
0
238
176
0
95064
432
0
466
252
38182
0
0
1273
0
0
0
0
318
84542
0
760
644
30673
308
0
110
0
42567
0
0
304
277
330
188
2490
174619
0
110375
0
0
0
0
0
28224
360
216
270
37806
0
451
120
781
514
474
267
0
0
0
267
7393
0
0
257
68424
123
299
67964
159
0
126
231
752
0
135248
466
0
34789
0
0
242
138459
93224
0
262489
139
180
0
304
75574
356
0
1361
0
241
222
0
27266
0
515
0
0
0
125572
0
292
350
0
0
0
182099
390
260
0
137
0
109220
2529
0
14539
180
209394
325
287
0
107
48012
214
36862
0
537
152
3551
0
0
0
446
347
421
0
402
245
488
248
0
0
957
0
247
0
339
100973
0
0
877
39148
229
0
0
182
202
263
0
222
0
80888
0
114
226
121573
0
198
218
0
222
1117
162
311
124
55792
263
0
237
391
3858
133
286
0
133873
199
83455
0
0
0
193
240
330
236
109
222
151
156
0
225
546
687
0
0
0
334
0
0
0
0
406
0
258
0
260
1435
0
384
253
0
0
446
0
154
258
0
0
0
230
283
0
299
0
0
0
155
101363
0
211
329
332901
64270
600
396
507
320
234
145
133
1218
97574
383
0
306
0
111408
0
0
121
0
161
49269
271
1720150
218
0
0
0
0
0
97466
0
0
396
0
482
716
0
869
0
528
0
135460
683
174
903
170
0
0
24172
3177
73570
0
1768
0
653
119482
0
54995
255
0
0
0
0
330
263
248
708
189
294
125
128418
909
0
189
59511
0
277
0
258641
0
222
0
0
0
300
0
66120
293
0
211
0
215
125
0
0
237
0
230
278
119028
191
63502
56294
156
0
23463
520
137
0
130
217
220765
0
0
71573
828138
187
0
224
0
157
989
332
0
351
268
146
119
0
152
0
0
0
194
0
0
202
347
120
148
736
641
385
216
201
285
232
0
172
0
0
79206
0
124126
112115
336
0
322
0
0
810
0
390
198
0
287
0
310
0
405
261
0
0
0
192
0
360
0
0
0
0
813
198
292
242
341
288
320
0
69337
290
41382
195
0
275
269
451
208
342
0
0
254
5106
305
328
18812
131
280
0
152
179
548
0
63874
32689
0
240
804
0
0
1445
497
142
327
0
109
0
230660
485
270
230
0
0
0
323
178
339
0
150
928
0
0
0
0
354
0
154478
323
89161
0
51960
38374
0
171
96237
165
312
192
0
22344
218
69335
0
286
232
0
0
41865
520
41142
120467
0
431944
0
0
236
120576
590
0
202
0
0
0
21075
411
0
0
249
67871
202
119
0
0
0
0
1805
264
0
0
272
0
302
0
0
0
104
497
325
0
371
0
2346
0
321
0
326
179
39424
480
54033
220
343372
0
0
0
236
719
0
460
0
249
250
0
18769
0
187
417
0
108782
0
0
0
0
0
51623
0
0
311
0
0
0
153
351
452
1103
0
112026
234
0
276
419
0
34739
0
0
0
218
479
1585
173
0
321
429
413
2473
247
186
28732
255
129032
0
0
0
259
122887
848
390
69994
321
95310
660
0
0
0
225
186
280
1814
0
188
58004
59694
0
0
356
215
674
318
380
55579
0
451
77021
0
203338
0
281
267
42632
0
0
419
360
10089
53176
62341
0
0
49038
210043
978
0
90951
0
0
291
0
409
0
0
0
22993
0
0
239462
180
428
0
93418
491
235
979
0
0
304
3026
391
0
46642
261
50838
0
136
185
0
163
60659
308
0
0
143
1099
118
79023
0
270
0
0
62898
0
0
221
120598
131
478
175
0
0
0
166
147
0
0
0
452
223
53156
170125
151
190
577
47063
306
261
60125
0
0
111464
325
247
0
216
659
14516
0
133
199
1264
0
3657
437
438
360
0
1912
24583
0
0
302
362
0
0
0
70862
256
177
188597
0
0
0
490
0
264
1359
0
188
382
285
0
0
377
396
0
993
169
0
0
0
0
142405
357
344
33520
285
387
321
0
0
153
154
0
377
0
324
0
18464
364
338
254
52840
0
49844
0
383
193
120
82322
96043
0
0
0
0
0
259
230
0
243
40053
417
0
0
0
395
407
207
280
0
0
0
0
421
2125
133936
0
0
0
256
253
1654
130729
412407
13075
0
330
284
48826
96418
0
564
112
120771
0
75248
0
147
176
0
1388
0
214
207
0
262
0
210
0
0
111638
0
0
310
0
0
88264
0
350
53028
123
399
64364
0
0
412
0
66940
111
409
126
0
91676
1595
439
402
685
116617
320
175
72264
169
0
0
429
121884
635
41691
22304
334
258288
161
0
88078
246
36162
254236
672
132
236
0
0
160
0
179
0
0
0
84609
267
0
345
0
338
50684
306
0
15437
363
80621
222
127354
730
0
0
204
117678
738
0
104
289
259
34476
193
89140
153
118347
0
0
0
313
937
171
0
528
445
0
358
75823
401
296
291
86572
351
0
767
0
340
0
114
149
0
0
0
0
334
0
0
0
0
0
511
0
148
310
0
280185
0
0
0
327
132
866
0
403
174
330
335844
260432
0
216
414
226
107
0
205
0
495
0
156553
608
295
502
0
1497
0
0
480
0
36849
735
62193
412
169
97025
307
0
0
0
167
0
39665
0
318
39367
1410
569
0
515
0
0
255
355
31418
0
70796
187
0
601
0
0
132
0
0
0
0
323
205
687
237
273
0
0
225
0
388
236
0
232
62934
0
0
0
289
47953
314
285
143
385
92088
0
326
179
324
92172
0
0
255
463
0
0
194
187
135
242
0
173
256
0
859517
0
0
7674
0
7388
155
49108
143
356
152
0
245
10172
0
0
0
0
0
235
0
373
169
0
0
0
175953
14421
0
2905
209
440
0
51821
210
161
8557
0
0
1113
143
0
204
392503
175
44379
28531
0
274
155
258
546
0
91651
1697
316
0
0
635
295
230
206045
151368
0
0
0
246
0
0
0
44569
0
0
46012
0
246
0
0
424
294
0
0
135
236
100628
0
0
95933
171
40673
389
259
281
0
0
169
0
186
220
408
0
0
0
252
299
0
0
415
0
182
100274
440
0
50219
347
52187
0
0
141783
2475
427
0
41342
258
0
176
0
366
357
29483
151
236
285
323
334
0
0
0
0
309
0
0
159
0
126
0
138
475
462
479
67293
122
309
0
0
192
0
1158
0
58259
0
0
0
39668
0
0
72939
512
0
0
0
155
0
62007
338
147
71714
159
450541
76425
65705
145292
0
217
179
431
122
0
0
0
0
191
25932
0
240
0
607472
35376
292
229
56838
747241
131944
0
0
81920
0
61167
706
0
300
251
0
828
29877
0
0
0
496
0
0
351
200
0
621
148274
0
0
0
0
108
0
0
142
734
248
0
129983
0
958
0
431
62795
443
188
0
79690
0
295
99299
0
164
0
214
1166
51750
0
0
367
386
0
284
0
0
241
0
0
158
0
168740
0
0
0
31300
34250
48882
1282
0
443
727
108
16195
0
30385
103260
0
51091
391
476
154
0
0
135812
0
225
129756
0
121210
76929
787
20790
320
121304
49316
114
119261
1598
325
0
858
0
169395
312
220
0
0
452
101679
317
300
158
0
264
327
0
247
124340
130468
36204
0
77437
158
291
146876
53050
451899
21083
518
72480
0
126
472
95123
4022030
0
0
252662
291
0
63197
224
0
71175
348
101525
0
278
454
115
0
0
271
125
46628
0
950207
0
0
207
87639
128114
0
77408
35163
0
0
0
202
86794
0
267
0
480
123104
51730
466
0
61721
0
221
23842
0
0
283
255
120966
825
0
0
11135
0
296
446
0
0
0
0
0
213
278
78018
296911
0
234
0
331
853
176
201
0
0
131389
301
112
100112
0
223
0
76553
0
0
0
0
407
0
637
33550
382
0
212
0
697
62481
254
28876
0
3922
38024
391
287
46104
300
0
139
0
0
645
1153
0
0
181054
0
38147
52172
190
0
235
0
514690
567
0
0
147073
0
347
0
0
0
41790
225
1414
197348
213
41145
0
97973
55763
595
0
40133
397
281
0
0
201
150
18089
0
229
0
171
0
189
234
152895
0
252
0
247
120721
446
130218
0
423
765
0
258
0
291
0
378
96195
10401
315
0
36180
472
59894
302
224
13111
170
346
0
319
0
221
656
0
0
438
0
224
235
335767
38884
0
0
264
177801
24564
298
0
0
431
465
0
418
0
378
49042
0
210
71927
77206
538
0
0
118
277555
208
0
0
0
83226
310
0
0
89847
26318
253
290
632
150
354
146053
150
0
79402
0
65254
99728
0
2017521
398
216
0
67424
0
209
0
33155
36836
440
368
339
314
36603
140799
64199
23236
150
787
87796
228
57083
155
0
370
94653
283
343
0
216029
0
0
69237
0
32117
373
250
692
313
0
106363
246
0
54428
0
0
376
160688
0
153371
804
0
251
316
121
0
117694
0
0
262
246
0
283
0
0
367
0
193
0
0
309
0
60998
83799
172
28172
0
0
259
254
282
0
69129
155276
343
256
1074
208
471
0
0
0
0
248
733
349708
172
0
322
95011
119825
763
366
455
436
177
302
145
372
43303
145721
0
0
135035
64176
183
0
0
0
568
46883
0
60386
0
0
0
342
0
0
145
44070
385
0
222
0
394
354
0
79919
179
418
104
0
280480
1088
137930
326
261
0
136
238182
0
77885
0
401
98492
212
21628
0
0
0
77334
94546
0
40599
0
0
403
20483
120918
400
310
0
565
324
0
58247
0
49890
62527
206
82168
370
90152
0
0
308
48899
160
54448
1272501
0
145
0
82841
120
87115
199
676
0
0
676
0
240966
1085826
327
197
220
586
272
0
397
0
0
0
472
0
538
197
0
0
113449
341
32319
399
0
262
723
502
44173
80165
0
702
0
214
135134
0
156
1315
265
0
0
0
0
0
105989
147
339
107
145026
0
87640
108888
97269
89219
351
220
378
74744
89485
3716
116156
45376
0
320
0
325
0
0
39491
0
1072
0
332
0
82756
129
0
426
93590
0
0
0
64505
78905
325
0
0
51355
0
426
62225
1525997
2317
143158
25297
0
469
988
174
0
248
126
255
0
131508
641
34606
156
468
0
152429
45395
113
149974
20859
36332
167208
380
0
0
385
146
14889
51750
178
0
90
55680
219
157
124
0
0
1266
0
0
0
0
119638
341
696
134
162
0
346
380783
0
93427
0
106064
46038
0
133551
0
353
0
0
0
0
97037
22515
0
0
0
0
0
230
236
198703
0
527426
320
0
79781
426
163
274
50746
0
380
39244
354
290
0
341
271
1070715
0
101773
0
0
0
0
67299
251
551
0
394
741
585
0
189309
1208
0
84191
140108
207
392
188520
300
0
0
68864
107332
39805
229
1596
631
114097
0
300
355
0
5576
244
112693
42705
22956
579
29902
151993
28248
0
122615
25258
58548
701
0
0
0
330
309
313
138898
0
0
232
0
0
282
224
91623
6456
0
0
0
0
0
83511
274
1075
1915
0
350
155
0
0
121537
0
172
0
215
625
0
0
46756
94
151
2345
83903
569
333
9545
105621
0
299
404
58962
0
0
116851
59741
504699
391
0
0
327
26506
0
1677549
0
222
180
0
520
0
0
511
0
37504
0
321
278
796
334
12680
0
0
345
0
0
0
332702
0
347
266
166
241
215
0
392
0
0
237
0
118
158
306
1495
0
166
384
238
0
143128
0
181
0
108798
0
138
0
0
329
2807
231
0
145
0
0
0
43010
0
0
0
230
38940
61982
539
0
0
0
251
130232
0
344
0
365
91367
142
0
534
0
150530
0
695
0
43060
283
172845
293
0
330
0
234545
0
265
274
0
0
158
0
60137
266
117602
544
29495
0
0
736
290
0
0
23130
0
0
348
105
0
0
0
30581
0
245
0
0
242
0
0
171
360
33005
299
126684
482
0
0
68191
0
992
0
0
170861
0
418080
176
0
314
297
88005
177
444
0
192572
0
451947
0
286
0
362
0
99104
269
0
407
149
0
302
218
0
162
88927
108654
0
48884
0
503717
3636
975
164
0
246
13543
0
0
0
262
0
0
0
103772
356
0
202
258
0
0
0
265
49131
0
2704
0
164261
0
213
970
16609
65579
11413
857
0
0
1844
122386
0
0
0
0
0
260
0
219
357
241
0
57589
44849
29420
380
0
39263
0
159459
0
0
207193
0
56222
502
0
175072
66136
174156
0
89597
0
246
485
0
0
0
0
0
157
333
0
0
258
350
3298483
174413
0
180
0
152942
0
120122
70246
0
59678
0
395
730
0
0
0
323
138875
0
0
210
311
0
101149
0
0
0
311
100804
0
576
120520
0
132
166
220
44728
866966
71111
149
0
108482
170
0
0
47147
0
1191
0
473
118403
106772
171
188402
107296
0
403395
767
318
0
306
248
0
102498
0
421
0
0
324
0
109651
0
95820
265
152345
60519
61542
256
258
275
0
0
264
375
250
355
178
83480
103706
252
0
153267
32069
0
0
303
179
0
0
0
203
0
101011
21471
0
360
0
298
131829
0
0
0
586
0
0
0
111684
90555
301
319
140
1446
0
0
0
109532
261
303
123
0
353
0
301
0
146220
79058
622
275
0
308
0
116746
0
267
711
0
352
206
161064
0
403415
0
0
1451
331
261
0
41665
0
126
109
48844
341
0
388484
110
294900
64129
313
0
363
58285
0
13876
227
2958
0
112233
0
0
0
0
153
48931
0
419
0
40893
290
171
260
336
236
206
74231
0
1035747
371
0
209
197
0
105785
133380
0
210
0
0
216
0
0
36926
0
97516
0
329
53782
287403
39425
74567
0
0
199414
159
0
144
467
0
208947
359
71222
0
2137
0
0
131894
0
229999
39950
235
35149
85044
71343
0
0
0
0
26156
430
0
1244400
84388
0
262
532
94524
82470
0
111
54202
62082
0
334
0
162031
0
0
353
859
188
0
126819
79420
46150
0
0
118
258
0
127099
0
290
38064
822838
267
0
0
57917
0
367
15890
0
0
0
223
258
217
0
24963
91405
0
0
87359
0
0
25394
0
124203
203
237
169
872
76856
126768
0
347
0
35797
123294
0
0
0
0
0
260402
312
0
260347
130648
113669
385
77468
600
0
167
569
234
310
0
35540
331
0
0
0
336
320
1432
0
0
191
0
5793
0
0
0
0
404099
2053
528
21073
0
0
0
523565
15351
7319
212
0
78121
128684
136515
361
103222
0
358
0
0
705
0
106
0
130
0
432
627
352
405
152
51956
0
203121
0
0
408
476
134244
0
0
0
99860
0
0
0
0
238
272
0
14002
0
67595
0
0
0
183
47401
192
280
125887
0
0
49744
0
420
0
0
33120
0
411
201646
0
251
115
0
0
0
0
98508
0
38737
0
0
321
437
0
293
163
0
0
325
147
0
0
0
158688
0
0
138
244
20711
398
508
0
320278
208
818
185215
0
0
0
95185
403
0
747043
165077
0
0
0
151
0
578
0
85976
0
251
0
85111
139165
304
284
468
170
0
252
225085
126766
742
203
67419
247
0
0
227
682
167
0
102708
0
165
336
0
280
44323
202352
363
0
221
519
0
201
377
0
464476
130
0
893
0
149076
8918
137
55207
1631
283
0
378
46257
240400
0
0
0
1722
432
0
216
0
0
112
310
139
361
0
42289
0
0
0
622
0
198
54385
464
0
0
0
0
0
2822
358
205
178
0
232
0
0
180
0
0
0
7415
115887
0
316
0
371
0
113153
0
158990
0
0
226
298
0
0
0
626
0
449
0
0
68110
377
289039
37793
193
376
92393
9829
0
80869
103702
0
0
88432
134315
0
0
72984
0
105022
374
0
41835
542
0
58649
161
97218
0
42468
111818
75201
0
0
0
0
139578
0
80001
0
0
119530
60680
0
0
0
171254
65444
1365314
0
0
4045511
0
88710
58460
122
4670666
0
0
0
0
611
59853
127562
47573
19696
56346
347
289
670
0
0
98876
308
117413
444
0
471
258
0
174316
303
578
0
47501
297
0
0
370435
363
297
383
468
228
0
0
86004
405
0
392
89745
0
0
1005
0
1299
73183
0
0
164
1120048
649
0
110417
0
152
87068
83473
203238
403
561
0
0
371
0
115
182
14847
358
0
112863
44842
257
114031
31529
263
131
28722
0
0
0
30229
3004135
227
301
328
0
84868
0
0
406
0
0
0
496
253
0
237171
496
0
0
1789
1315074
0
0
52480
0
0
242
1315
0
21981
0
130152
131
0
118577
1963
184
246
241
390
223
316
475
153
229
0
326170
435
7800
0
240
0
0
0
0
83609
1619
110677
0
81417
357791
128319
467
129036
0
0
165
9581648
0
0
0
396
0
52007
0
0
0
0
42975
172
0
153
0
0
0
16445
43373
0
0
0
192
25366
223
34689
0
0
183
389
0
162
132695
0
46700
613
102928
0
0
334
0
151
416
23602
0
0
1604
0
0
92807
40840
106163
478
339
0
193
31777
0
0
756
229
174
0
243
258
81558
0
0
100102
0
0
0
0
0
467
0
116625
0
307
0
42840
0
0
326
96560
141463
62656
322495
78945
297
436293
0
0
0
0
0
0
0
1112889
65341
540
3921
0
0
196
0
249
112995
0
113174
0
247
44005
1990
142041
0
130423
0
78762
0
228
144200
820
45697
224
0
0
27668
21838
0
338
174
0
126245
238
36601
0
37094
348
75112
230809
1037
341
62855
0
512
0
217307
0
109312
91372
0
272062
272
0
0
0
253
127733
243
1726585
27460
0
143107
0
185
238272
142305
710
0
415
40251
199543
204774
0
101624
0
63263
0
0
0
275
137786
0
0
0
475
83791
151094
51690
0
228
326
81375
0
538
66814
131510
0
128474
80237
0
331
439876
113
540
0
316
118035
0
141467
24859
0
123
13983
0
0
0
0
167
0
93911
137220
0
0
95597
1471780
0
0
41666
0
128049
88723
417
65220
0
74347
683
1064524
0
658898
563
2670
0
579
0
197
290323
111390
23064
0
0
0
839
326
0
0
0
335
62337
246583
277
355947
0
281
478
2993
0
62045
31071
43004
0
0
345
39451
0
99711
0
123477
41736
346
172229
315
0
0
0
0
98957
54702
185
92244
1781
0
213
0
0
0
135672
0
93644
0
90003
131113
0
0
71564
127158
0
0
372
1669
0
57527
684
413
378
0
0
0
0
297252
196
853
200926
85925
137008
388
0
0
260
0
0
0
0
34833
94981
41647
0
63433
112944
321871
230
0
388685
0
379
337
308
234
63521
47713
0
80052
39964
0
145590
313
0
425
0
0
453
0
0
314
362
479
0
0
0
313
0
434
25868
54812
159590
102115
0
223647
41821
947
0
316
424610
247271
0
81862
0
243
0
29353
0
78985
815
346
0
0
256
149
0
0
0
0
0
138450
31402
0
57569
126
366
14238
255
253
0
591014
455
271
275
0
160975
0
70502
131801
0
177
39772
260354
280389
0
1134
0
0
94398
366
115539
258
341
154
220
443
164537
0
164645
378285
439
0
277
0
343
0
268
50163
123802
37219
0
203
0
75044
444
68036
0
302
0
26626
40007
88117
0
682
0
0
1078440
60459
0
0
189748
143026
159319
2844
38803
38767
0
97092
189
209
0
265
116574
0
52717
531
176
563
466
47702
0
0
0
0
517
7196
0
270758
28138
947
27841
127
0
0
292
493
0
257
0
0
173541
1002
73372
0
356
0
229
114878
0
0
68408
266
79747
0
124238
0
622
0
0
0
668
205
129967
121750
2756
135607
21738
0
109985
136956
0
237
327
137097
0
0
159
0
377
151
82038
0
0
535
75236
0
1713921
0
45610
0
0
75971
0
0
0
0
0
1311
157
91
0
68727
0
128199
0
126
0
0
533967
0
0
0
0
262
25529
20924
673512
0
327
281
271
0
205857
950549
0
126964
206
0
594
0
0
0
52086
0
0
0
220743
0
80666
0
0
70138
0
118319
100583
278
3866
976636
304
0
0
177
1554857
0
46719
519
205906
283
0
79727
50850
0
34577
2044
76342
18993
40056
189
8659
0
19430
0
609
0
0
0
520
364
165
62340
610
0
345
38776
0
78190
0
94655
0
0
0
207792
226
283082
448
75514
0
73775
134946
301
0
245
648
63983
371
0
0
0
0
0
0
0
251255
158327
130741
369
0
402
74915
193331
0
0
0
0
15605
0
247
0
0
0
0
0
91468
0
1718
323246
0
285
406
0
315
149
8250
159248
478
179
1441
384
238
0
698
0
0
628
337
238
0
196
147
0
0
0
0
1443
186
332
442
419
0
617
25165
0
0
0
0
101822
0
231
87954
0
0
0
0
8964
0
0
146200
123
154
53826
0
35075
268863
0
0
0
0
309
74164
19250
0
156
0
0
238
292
310367
0
443
0
111526
0
117
0
0
0
413
134254
0
348
49364
0
129533
120419
37835
62852
344
0
0
374
188
0
0
605
0
0
0
362546
0
0
350148
299
112286
399
101539
0
753
280
0
1422
0
360
770
0
0
443
0
0
294
298
63662
0
0
386
0
0
310
94499
287
528
284
0
0
0
223208
67714
0
655
0
155
0
0
49853
105141
0
0
0
450
302
18922
0
89771
0
37051
36982
326
0
0
0
601601
0
0
0
567
55512
475
83818
134132
401
385
0
0
559
175604
99435
0
267
34463
0
189
0
124892
0
125540
210
186837
258441
0
226
910734
0
112695
127278
205
0
134175
0
0
0
105408
431634
0
0
69837
204952
57564
0
99684
424
0
0
23384
184
68967
0
0
0
0
377
0
49115
300
196052
0
0
0
0
152
71150
156
0
173
257
946
189
0
0
0
69812
299
178913
0
17664
0
15638
189
1089
76998
1228783
44402
109299
31259
216955
0
35659
0
696
63377
171576
0
0
0
0
0
0
348091
0
0
82886
311
116722
176
0
0
195131
202
104089
111253
22214
106230
186
143
0
82906
0
291
0
0
0
0
193189
93519
0
685
1934
49236
107526
477594
240
195
0
1045
104131
0
1517
94348
182
24561
0
275
0
0
113298
108373
45690
360561
0
456856
190
0
459
0
147
188
171
133362
267
0
354
0
0
109409
0
0
0
0
0
0
0
299
218
138294
0
1068611
473895
242
0
288240
0
70389
135659
64492
76416
111362
172641
364
0
212
0
90217
0
145013
0
0
361
214
250
245
318
0
130084
418
0
361
224
357
0
0
129891
0
43868
115132
60394
351
0
39863
280
0
0
0
133700
53747
0
190443
60884
0
56505
260
170748
0
0
151
0
140230
0
79614
0
156
0
450
305
150979
802
102785
1351719
0
123622
320207
12453
271
199
0
47693
0
0
0
57673
323
29445
404
1142
312427
461963
0
376
0
0
61122
0
238
244
251
0
0
272
0
80743
0
60881
340
246
192495
0
206
107887
0
347
0
0
223
396
0
417
200200
0
363
48027
145631
194955
280077
0
334
0
682
38483
95267
344
374
74912
364
1265
240
666
0
89085
253
0
78610
0
146517
468
48233
564
133377
50875
383
0
0
0
120
585
72586
0
0
681
127
498429
228
228
0
127217
0
337
0
108783
398
230340
201
149
193523
447700
104336
49505
331
299
434
153418
0
73524
1328
412
31151
0
390
0
203879
110007
0
0
185
82275
427
0
101519
134
180
0
0
189380
103223
315
0
47867
125041
34062
0
236
231
0
0
107938
1016346
197573
0
43445
96989
0
0
349
271
0
126411
341
429
71841
0
346
0
0
0
172583
0
282
0
747
116513
0
0
0
645
0
0
175155
0
122741
234
157
69498
1928
512
109834
120269
76562
0
650
0
501815
238
278
166
0
120729
43916
0
3794
35797
170
0
0
508702
389
0
2790
376
0
0
460
32246
0
275
15189
271
0
56690
83690
0
0
0
0
365
0
210
240
119796
390
373
731
216
0
55674
41180
0
0
323869
0
35130
0
114272
120387
0
332
294
598
132681
99425
237596
0
0
193711
49643
0
170737
61408
39770
27311
338
0
0
74655
291
37124
72662
297
631
1213105
220
0
0
0
0
0
206
0
0
42292
671
216363
94020
583
67677
127435
269
0
0
43553
4579155
32779
83045
0
0
71940
105079
0
297
39295
297
105068
63541
0
0
0
328
0
0
86618
0
78154
0
114453
868858
89799
0
0
0
75530
0
0
190
0
0
0
0
0
619
0
125871
322565
82061
1445
0
211
321
27412
0
0
523
423273
338
177911
411
293
0
0
232
227674
107635
42634
0
1413
180774
64128
359
166750
53909
125
0
119101
298931
0
147171
334
0
509
0
122155
155
178
399
1667
208
71947
0
160688
0
0
0
284671
188247
81646
0
0
0
273
450
516
372247
0
458
0
183
706658
322
243
310
364
0
429
167
0
172
601514
383
256
92
435
88939
525849
0
49158
71804
134961
148587
104753
113720
56333
94849
638
118007
132
80501
0
319
0
220450
321
0
166
279116
292
177317
38996
0
348
274
736
0
226
324578
0
0
0
417
566
0
1112
0
0
0
5188
126572
0
0
312
73180
0
272
106396
1636897
517
0
439
57974
0
406
269
459986
0
254
43552
54143
332
143847
116743
0
57572
0
0
0
106625
0
0
457
0
415
0
320
367842
139725
0
78
0
163677
78039
82740
212074
125626
270954
209
0
26075
272
233080
406
580
100388
252
0
431
55089
53452
114518
241
187
40186
131155
236639
105973
0
0
112566
136548
413
0
0
175
275673
0
170124
0
0
0
157
41177
0
0
0
0
236
0
0
0
0
685
0
0
1787
344
223491
186
192851
0
0
0
123074
1219847
119
0
0
275329
0
45971
0
269
2484
78453
814082
1310627
1651393
96930
0
0
0
241313
110700
2100787
0
0
0
254
0
0
280
0
290
0
318
282
135841
1166214
132317
283662
0
461
0
1152663
13155
0
0
295
89414
214
164
0
0
0
87764
0
155198
369
0
165
0
189479
65208
437
331052
105521
0
130
238568
247
105487
0
0
241
191
0
122985
385
334
1733393
1098
0
0
50120
83635
1147
0
241
72999
0
1545
0
235
0
209
107977
76454
202030
106
153
93233
0
0
469333
133785
21572
0
160623
284
0
96526
46554
162
64362
0
427
276
0
175324
0
30992
335
91464
125
0
310
0
59045
0
155527
0
28891
0
0
157
0
0
0
0
321
0
496648
276
296
110904
46593
55546
0
0
0
0
0
37627
0
309
99846
18837
316395
445
0
0
0
0
0
715
161
375
131211
309
91194
99543
443
0
90340
0
302
54852
274
0
61871
0
0
129680
0
112222
0
301
0
137703
95585
0
0
238
118166
91548
0
0
84027
70530
0
359182
51319
0
164
142659
0
702
233198
415
49788
113829
0
0
53013
222
90902
105310
0
296
229089
0
192
0
206344
0
0
517107
198914
120975
234604
0
203926
58799
697
1649
178
147750
0
337
308
104912
0
0
399
0
242
134950
167917
0
0
0
0
488
0
0
52870
0
0
0
78161
35691
0
117862
350
78934
1148
0
2456591
367723
381
360945
0
51084
163
0
498
396
244
48801
138975
221097
108401
308
792
0
76566
0
138917
635
97754
76422
0
0
0
212
151
46861
0
165
524
112344
238
122517
641
162
215
0
0
0
318
0
0
119485
216
625
57939
378
567
103933
151347
546
35526
54401
334
0
0
42471
132197
0
51050
0
596192
3150171
0
0
0
263
0
0
120900
582
68443
481397
92338
0
241077
0
236
329
0
0
177
0
0
29703
330
0
592856
229
748
0
50172
318341
44165
104803
0
134126
689128
335
281440
0
62014
0
0
294
364
0
83648
127585
588
107991
454
103908
66934
504883
59766
0
712
61763
0
223
0
54442
43679
0
0
0
0
277444
364110
62444
0
36732
54334
0
62819
108425
58930
0
278
0
330
0
0
19847
149
0
173
50493
87866
209280
293607
0
0
112580
226
0
128689
0
427361
101778
134
0
0
330
428156
535
148
0
293
269
4951
82118
357849
70994
0
300358
142
68904
0
46506
0
107516
526
0
0
47471
50256
120910
0
0
0
148412
0
0
52947
0
0
2084
594449
314
0
75433
0
238224
0
131070
160295
0
263
0
0
96077
291
213
0
82935
16646
170235
0
24568
0
179
0
156
169
1712732
0
62369
222
140683
0
220425
0
0
291842
1664
235204
0
562
0
1001
134773
132530
0
98430
234
113639
289976
2150
605
1336158
218
102466
367
216
83667
1020
0
65640
140038
0
0
0
54648
107009
135071
0
0
340106
0
0
270
363
361
0
0
51894
125092
0
0
0
0
357467
0
0
124074
78948
190
1727
155092
795668
32975
2802
221
0
3371697
0
307
6239
89437
68702
0
358
0
0
0
0
247
0
0
135
0
55129
108248
0
133231
0
234
297
314918
179
209
67205
275
103656
146073
153132
344
0
0
0
233
233
79455
275
1311
61012
200766
212
120842
0
0
88931
521999
379001
21322
108322
291
112430
0
0
0
0
0
347
0
363
150
33249
58962
20475
0
208
225
0
0
0
555757
0
390
142375
0
0
0
0
0
0
0
69725
517
0
86422
0
54921
77637
0
55267
0
0
0
0
0
0
256
0
26841
0
0
0
1018
319
0
447068
129644
135
282
166
0
0
569
0
134364
217448
0
104727
0
0
50555
347
47540
210
0
0
233
0
0
0
125200
0
360574
439942
0
8649942
69194
0
0
135725
146576
119
0
340
0
40043
0
44685
0
0
79711
118099
0
481
663
0
124180
0
292
173
179
594
133856
368
0
52964
100878
0
470867
247
0
91774
52504
280
0
211126
396
462
0
0
0
0
0
0
196
387
101013
116126
0
204445
0
83831
148833
0
32568
0
453
0
12981
1794
0
693
72464
95378
0
0
145741
187
398
0
7312
37360
96037
0
134034
282
22524
0
168
313
0
137911
0
97920
0
0
0
481
97847
516209
601
0
122
0
0
0
0
143445
524
157
216
0
452926
45145
65241
230
254421
720
0
93711
0
327323
0
2651682
150881
0
0
0
54146
0
0
0
894103
121396
511
90088
0
368
199978
453
122
1536
89141
40549
103517
79741
224680
252981
506
266
508299
120679
47775
209850
0
140
49389
0
0
4423471
114485
86298
0
328422
0
0
314
0
0
0
84542
0
45142
35948
321
84023
278
146432
0
0
0
60547
0
0
233
0
203
350
178
281
375
111544
0
112771
432
127510
955
446440
618719
0
0
285349
0
433
1151878
0
273
0
418
317
35172
0
192439
384897
0
103965
0
318
320
0
254
4435
0
407982
0
76273
762650
79478
122
0
0
84289
75317
0
95443
335
320
0
0
56457
51934
194918
0
0
0
264727
0
0
62928
0
219
0
0
757
0
0
94609
0
571920
17726
344
333113
477439
130237
192384
1050
257
182364
185762
0
109377
0
564
0
258
0
0
668166
121460
510
0
14623
154
360
0
398
848141
172002
72647
55023
594
0
0
0
0
755
364103
0
162872
378
242
0
0
204672
128894
0
0
0
86410
0
0
246198
162
0
122178
330
917785
1072936
169368
130249
336
0
0
0
370759
0
98140
0
193975
55764
320
109821
261914
271203
791581
0
331
0
610
196085
102570
0
377
140347
0
268
0
50962
493
259
135467
165735
43603
0
0
195
580
1809
0
0
313
353172
0
0
457
0
280325
115731
0
0
367
0
280787
0
0
72699
0
0
287
284285
51716
0
104586
318783
133950
202626
143933
69035
0
0
68188
359858
1471
96712
0
0
421
31838
169
92003
0
144395
0
178
233
111108
90574
0
279586
45583
0
116
344
0
0
0
283
0
194
198
0
331
295
0
0
637
137641
1589139
183495
0
0
747
192
4321615
161
471
0
66358
77116
172936
1373
66043
371
0
94907
232
0
104120
0
184550
79473
691764
113803
59910
703
0
0
503
0
0
0
543
246438
0
94623
0
1488
150
376
576674
0
80640
237118
0
0
0
99221
0
0
78394
193039
60657
16360
4309
954
396
5405
0
493
281
397
193
216
173684
440
71808
0
365
0
0
360
109243
48698
0
0
34789
1211533
334
1779979
163
130668
867550
0
64319
0
2812936
171563
397
0
0
164157
163
0
125180
64851
184138
147008
465477
81400
6738
252986
497
0
0
69129
0
217
0
33354
59438
337
453614
0
53085
181487
0
381290
0
0
0
178
113727
77175
61016
0
0
0
295
0
251132
614578
176196
99487
2372
0
0
1130040
0
220
0
118367
0
54615
120785
126124
117360
0
291
0
73818
44013
0
379
596647
193
0
0
0
0
227
31458
0
112799
0
385
159721
96246
4624003
0
0
0
990766
331
125028
89166
7587
274
115060
170343
318
0
29606
328
137759
57180
0
187305
0
49027
290
177693
512
0
201666
0
0
32849
110176
124624
80388
144149
189719
325
137854
0
0
471
0
48787
0
188
0
98061
129554
80366
208
222891
34659
0
0
118786
0
181
0
0
2824
101848
409
19764
0
172
178389
0
0
0
166943
0
0
211828
1759
385
0
0
0
0
3671
133821
0
0
0
265
2764
378
0
40211
0
0
56618
0
581382
0
0
1411
468969
0
56114
131209
200853
0
7354
42619
0
114838
69305
18838
172963
65624
0
0
0
0
0
142
0
95961
188
0
209
382108
0
120
62250
59224
369
0
342807
406
0
158
137935
0
0
0
0
0
135
0
150
122223
402
216
174688
0
269
204512
627
692922
389389
0
148258
356
146096
0
1907
307
0
0
0
121422
182
140893
144
1186276
819607
120954
73522
178
62499
0
223781
31871
57872
28661
198322
0
325
0
90275
0
0
0
72160
177294
0
98382
47718
132
31732
130400
0
0
0
338972
190309
21334
0
257307
0
0
0
85811
49509
149209
337
0
66357
77622
0
122691
1361676
761
0
280
0
1055
0
296129
280388
857
0
0
0
0
204
123972
264050
0
230
39333
0
86759
160
323
0
142800
0
0
583840
0
47069
344
275644
0
204
0
458
115026
127
376
231117
96968
66746
729
781
141672
0
0
0
0
263724
223
74225
73905
77902
0
186
127649
0
2910384
365
152
291
29294
0
1325706
307
64399
46727
0
2306
0
106681
0
142381
0
0
80056
0
0
217916
45484
1032032
91256
0
0
74600
981
124
128400
135196
0
317085
177691
302
0
109241
0
0
0
75874
369119
0
147867
0
387
128349
0
115696
801
123806
0
0
0
3186
0
0
63065
2803814
0
55594
276
0
89438
650486
0
400
317760
156
1302
370989
137787
30053
308769
628
881
154292
0
145496
0
69729
27690
55175
96395
0
243201
0
0
115870
75709
37642
0
275
2467
153
60030
338
424
0
177375
0
349049
91828
14028
0
333
92025
0
145336
0
1383553
0
98430
35074
880
251
0
150958
168068
0
510807
0
0
34196
111787
108873
294
0
0
51244
0
68311
166319
76239
348
0
131672
62332
0
0
0
202
0
546158
434461
415
618322
802
374
3148
41723
0
410
0
0
397
55763
407
0
0
100394
0
0
94352
0
0
0
118386
267357
0
0
34218
321
177871
133872
0
40837
345733
2903114
47524
2070226
0
0
437877
160828
250
133627
0
0
209
0
45014
339
83195
0
422
0
185813
802232
337800
243
194
746051
104025
314
295
210160
0
509
0
236814
37244
785775
699153
1294331
0
0
0
122647
334905
170
16717
128322
0
101467
527290
0
170411
0
664306
0
282143
0
242498
154
0
168080
0
68098
0
0
0
0
123725
194257
706
59335
107021
99960
0
177204
0
253
370
1040635
20939
0
0
0
142304
0
109325
0
0
680286
205494
0
123853
89740
0
0
331
54370
687680
323
169147
0
206018
357
313
3191853
0
0
110217
103886
0
0
207
162
0
109243
0
124892
322
0
181235
139
106745
0
127235
556614
121795
63252
0
86874
375009
0
182
0
0
211581
0
0
321
0
43847
0
0
0
0
261516
0
0
160
0
581
282395
190418
113
0
263457
774541
0
586347
288
226
249
0
124821
107593
155762
115757
63919
56967
0
95144
0
0
2766708
0
269
149
58796
429
0
413
107566
60687
117684
0
303782
0
90655
130154
218
0
2009732
189305
174381
0
176367
0
17699
0
0
107892
0
57251
77045
86535
0
536209
45335
117107
87151
0
152
0
54551
311
0
0
279048
27995
0
204
787366
170558
304
0
129527
0
0
31513
137068
0
350
0
0
44036
0
0
130294
62336
138558
0
0
0
0
0
0
90883
283
111657
0
0
0
32630
0
0
0
0
0
0
220
213
0
78751
180830
199
262
0
40761
0
112410
0
38418
0
392
749
311
0
96715
0
338804
167563
507
0
0
0
0
0
748
302
101
54592
76367
73962
0
0
213
227
40171
551
790057
44130
0
0
116128
80131
125682
247
417
212617
0
0
161335
0
127590
0
46312
127208
0
41014
0
0
0
26298
0
341
0
0
0
0
116143
0
0
2068
143
58005
0
232
448018
460
328
178
0
263
0
0
0
221
272
668
37066
0
1113
74731
0
0
2074467
153928
123760
505
0
355
210190
0
0
109289
103358
0
478893
148
10751
71268
209
495
468
0
0
0
143913
203
0
381682
0
100858
0
280117
0
0
297462
119
163142
50364
0
0
107713
0
106564
0
0
441
93070
0
499622
0
135
0
297
0
159776
276
136017
119325
2305957
181
376
735
144930
0
0
771
215432
0
0
0
0
150
0
70405
0
8277
0
0
125740
0
0
117066
0
0
105732
180
55735
94494
116704
0
526
0
0
210
84288
102738
333
0
0
0
94268
0
0
0
0
0
0
265694
248783
79837
0
0
62048
0
905
0
77718
111
88042
188
40901
307
85795
122735
0
0
0
25606
0
317908
0
30413
0
176665
535
155264
0
316
157623
87712
0
68769
1950001
143846
362
533
61538
0
0
0
69404
260262
0
6459
173
0
0
244
254744
288
0
56136
143232
0
49344
301047
77480
118352
0
259
291
71723
0
95607
280
142930
274
318525
0
0
106919
38045
0
296
57464
0
0
661777
185
301
20747
0
567
25778
105445
479960
1929
116709
0
73961
0
0
0
24667
0
91962
0
203552
0
54501
0
0
0
0
1269
154129
262
0
334557
257
0
135421
0
335
36390
570
246
145221
0
0
0
161027
270
97612
0
0
119
0
253
186061
1669567
152186
27308
0
1270
234
512
318
98024
0
27065
0
0
28492
0
83317
53184
502060
1220860
1801
0
0
0
310
741
0
118895
298
115
0
0
207840
212046
247
0
0
102150
0
611433
0
0
374
81881
0
0
0
52382
323
89250
234259
0
79281
243
0
411038
0
56521
239283
268853
103871
6701
0
1366497
41608
316
84650
0
217
20399
0
0
0
188
131975
148309
0
102685
0
334
22251
193056
83688
100590
38763
0
106362
0
0
283
87749
0
1415307
95524
0
370
680831
225
106430
0
207256
145166
0
0
0
0
0
256085
0
104
377
159
52026
0
0
0
0
232910
0
69152
0
304
0
0
0
146
403
0
0
0
0
165307
0
0
216183
0
733
74942
156654
0
0
0
397
100668
0
414
171383
162308
141968
309564
178149
191850
792585
0
0
31895
230191
0
0
71741
0
83363
1951459
238635
109391
0
239337
1732849
108812
0
0
486
74911
456
60173
89177
80246
174
4425
0
1569810
0
791686
0
112491
470
0
131693
270
115895
122930
2085
107732
1178593
0
313
0
97415
124044
0
37846
0
168699
196
39631
0
219007
238672
0
0
0
0
0
0
914
4423
97103
227
300
0
165640
77984
0
110348
87504
0
3529633
0
0
208395
80388
432074
116101
0
388472
196
0
2724
348
0
286
0
99771
397
131523
342
40651
56170
0
54093
380951
0
310
0
74276
0
0
119332
241
0
0
329630
218
1071
110225
304
52668
402
118680
0
0
127736
0
491
0
621970
114337
512
0
202939
1244448
0
231540
395790
530
0
0
0
39509
0
0
109573
239
213784
32439
97836
161995
270
0
77676
0
0
160
2515540
149180
438
262
0
93736
0
220907
244529
0
170
77285
433
266328
0
0
143303
0
139874
0
3237004
180645
0
0
274
0
254946
0
164
0
97061
139682
259981
0
0
141871
112769
37297
64105
265
0
135034
0
38108
42787
0
0
0
0
223
490782
77738
22049
83537
157086
1090473
318
50049
34463
134567
131883
0
0
482968
172
117570
314920
113316
259
0
55546
90763
467
101506
363100
91586
210816
0
0
555048
271
329
95110
0
75066
252358
130
124653
0
85871
123656
90048
99623
566627
0
110788
54285
0
113
308
368696
324
120524
174462
264
259
113183
0
0
39086
385
395
235
40860
256222
83027
0
151795
0
49806
0
403407
0
0
0
174994
43122
60686
291
0
432
243856
211016
0
0
166940
223443
92092
0
300253
104732
0
0
247
462981
0
84551
0
41657
799109
0
0
126998
85946
0
0
92279
427632
0
0
0
333141
1559485
49906
204838
0
531735
577276
275739
0
106627
314
437833
0
381739
197195
69600
438
0
0
195404
0
79270
114922
113878
0
940253
0
0
430
195667
0
0
0
208805
720966
333
98440
0
0
0
0
0
138
0
0
105898
0
420
147
24348
209
279
96074
0
294
326
47164
0
133097
33058
109227
357
313234
0
169321
0
252941
477055
0
0
0
103659
0
0
393
31245
42075
163
184171
0
0
304072
0
210602
289
152678
59048
206
78690
71805
0
1136867
0
0
200
0
136697
219
0
0
286
1260510
245
256
118172
0
0
159916
0
0
559681
156745
399
2785
0
0
50317
4325756
276
1555311
967
112596
173957
748
387910
341
173236
161977
0
0
373
198
0
217
322391
0
164987
0
0
103217
180
26292
0
110263
0
112925
60717
329
0
0
94782
236303
151
1505116
0
480
218
618
119251
62330
233
0
397647
223
616
0
144283
0
121830
211121
157628
468
0
103193
115
0
380756
361
335336
0
207
47077
68431
497082
42270
112139
0
255548
0
0
0
0
352
281
478
0
138421
0
0
471
18365
90971
107173
0
389
337
289596
0
730112
0
0
400
364
149714
216
0
0
0
45635
189
85750
0
0
0
273764
3466121
0
0
1131
117697
299838
0
251438
43059
0
0
1785832
128
0
192982
273
0
177
4831506
480
121201
888073
133797
554452
0
0
371
143
0
391987
0
172
339
0
0
2542
0
258
0
197245
0
0
0
0
357
97597
101377
442715
146205
233154
181
0
114636
0
51927
215
0
0
775256
0
104084
0
199
245825
0
650293
249873
0
897547
86173
0
0
261936
626358
415
0
457347
66191
221
93112
2630230
324
163
26378
0
230744
