0
289096
73666
78680
25794
37358
90203
74343
120919
96209
1292
171053
40660
24450
32010
204785
46708
96965
500233
262
38286
147321
91532
3238
120312
57311
314241
22598
11275
21931
52698
350306
549
26249
180598
93553
189997
255
2552
200884
107154
80792
84631
48681
178042
107601
48184
4435
204712
215097
36158
215
48459
167438
19212
57376
33074
134266
17943
78327
174706
63893
2203
120413
111963
6232
47912
628195
39216
32619
610
62842
7219
25850
216270
485641
29830
194002
102053
190818
502307
122569
97852
40403
82114
192941
46174
100711
310342
65385
27703
175048
123973
58808
814
241384
8196
46682
151366
24955
56750
68258
91278
47425
75207
73887
178521
4527
133560
113081
268032
21183
148426
215272
67068
51687
206728
121625
150072
303415
56457
194202
27821
60664
665
85770
8886
292989
168542
388509
236099
377286
185939
62911
135512
101912
64275
111989
12433
25166
136373
114286
110240
143054
8915
4069
111437
44310
90214
81588
137269
46193
202036
97556
22642
114720
156226
1532
193124
6902
127552
320215
131299
26050
205072
255664
41439
40401
23194
227983
11256
57401
65201
103200
231686
24058
15876
141789
281656
61649
64371
13536
21415
102736
132274
14611
8998
40544
79074
138384
136649
5749
746
43699
62242
26050
246036
4597
56328
177
26757
61091
609684
14606
64847
110850
135298
8185
86392
715
166624
170023
157171
85990
48368
31933
173980
37645
67391
86274
379087
261405
99555
144907
85022
114611
189370
65728
38293
129989
51952
107400
209074
218047
203224
20105
152771
169057
35560
34623
84768
38483
135249
455911
371003
23257
301379
113110
10955
107110
59249
20962
275204
139704
660423
264
114503
117009
365
48426
144742
118952
154257
38543
150361
3246
461591
78335
4761
56478
80633
48176
98368
80039
91184
36491
141563
144069
89656
171328
118196
129044
14109
324901
143085
46372
169212
25020
538130
126023
59182
80051
765
166100
60428
96269
811
440947
129695
21490
19561
81031
256153
87175
25030
380804
17228
115659
43406
66170
33160
240679
20463
29876
7117
16529
4145
132465
67896
123195
83975
64724
26857
128281
97283
23104
159667
40831
165428
358064
179009
162960
121421
1949
5804
3376
155473
194640
20891
105894
148554
39672
104104
142496
67089
48478
55752
13524
38092
430329
124252
58561
67775
29719
61526
211832
198436
195202
82624
74613
107403
147465
362281
38481
159513
253253
127532
49597
158416
42397
174290
151901
379314
75104
106912
228062
20379
279601
76177
178357
198
320933
200948
88670
2931
12233
165357
231054
91928
90829
137973
58284
108323
43066
385279
141786
134781
114243
40142
13321
91446
554
346492
244489
67021
40594
48269
22381
74895
66807
49481
88145
100347
178982
181775
140031
3174
101715
268404
26947
554185
23696
218161
46733
291862
82158
367774
55223
47808
71215
115915
63619
4605
113112
166480
173524
30945
57677
65944
83154
186411
36184
265360
79816
66995
3817
120046
17170
154102
22255
188678
195327
589655
109094
23887
117863
238794
115036
185712
215885
160093
144815
107888
293057
188291
35929
169757
430950
59860
107096
137570
160294
20145
1060
63857
149429
605177
32854
54141
117594
136184
141386
181466
9378
70521
284538
153328
148291
6837
171809
373691
226962
5577
110052
1896
8716
354993
14225
137321
79452
4893
222024
175363
544230
189954
176828
397
80078
289810
1539
155810
30827
397443
161822
8177
107891
340
60243
59909
102563
194212
22639
12641
70292
66658
235643
80623
410080
143136
284374
64105
32500
13089
135963
45456
286475
127722
42006
120977
155136
344784
302114
65711
71854
49868
262388
301059
119480
143758
187747
150363
118130
294724
141334
113267
353627
113913
142409
106937
10046
68220
49787
109637
865043
73511
71952
186447
90841
234941
46019
71945
129892
159396
36527
100202
141099
96304
177761
119983
110226
301865
717
359507
443
73946
146424
85855
169846
211805
197324
80193
64769
162414
228751
80906
92705
223148
44841
47018
237
72751
103679
18010
745
241665
121357
61237
100007
31528
196535
106154
116283
221308
207693
27713
113741
83311
59013
74684
7702
12929
136689
3879
748423
228480
115269
207774
242522
82559
151832
233083
34791
796834
141003
49998
935
40578
55457
83419
112533
82827
196877
1911
377999
308842
55584
656
431202
6690
274710
90304
65026
403725
125485
45098
55627
444931
269932
40528
7309
112073
18547
3858
347904
134465
69962
56565
97254
471
939
54399
94570
97975
133057
359
71328
148492
123425
115592
57632
93640
74078
2321
107887
42708
169651
97636
187348
11236
11469
242972
68958
177058
374187
69533
50134
202930
314760
215386
462320
62960
8221
3604
105372
63604
102741
137572
287592
51833
159928
556142
479295
58347
56112
76174
5286
192182
35464
74206
95581
168569
237692
47569
46917
132474
123749
68565
63336
12819
704
107254
189964
102418
111821
190038
14075
105304
354276
202228
948998
113905
162122
328229
270
34136
246421
340894
99543
62202
39888
378462
54626
103496
24648
249123
187532
103826
60897
70119
60880
56395
229829
335224
366033
111709
2324
49750
91117
71178
225865
97675
133959
79623
96558
234041
13418
42024
112558
2894
168553
220452
18093
745257
115992
207592
37221
74585
150215
240692
115142
341093
96308
78628
37042
87604
121114
1373
156178
70740
64702
105778
201480
154735
89754
80609
110966
135782
103673
175691
56723
512
177144
973
444791
183170
49279
43034
65368
1952
87470
505570
148609
110655
204591
155263
163485
56022
366748
258057
3107
39555
10719
257408
158648
112702
133415
68911
266556
238244
60338
53807
191001
20292
96204
96027
31184
102175
764261
168814
130927
115021
109221
125871
40727
230054
52858
108750
157845
129556
248333
15197
165842
154112
41421
178625
118330
150204
149541
75183
90756
105616
1782
225332
122685
39584
49400
70534
130996
192595
46537
105277
194842
104043
112027
40144
15669
151349
68057
182167
50578
200336
104611
93530
61703
82843
138562
165824
43151
267333
103155
86328
576
109073
11551
261205
27974
235516
90398
20998
126254
62873
259565
518239
42295
41832
23616
110635
11765
39346
96425
26414
161730
121572
48919
86806
50266
335052
12576
368047
113359
101836
154202
43865
74612
52920
819
35978
116075
103564
22621
513759
177197
339862
118854
135609
570589
154510
130674
49326
19959
566
110714
171478
152004
288057
31624
283652
353487
292061
628522
175267
458583
305076
122930
2710
211747
106479
213530
129223
133505
208980
63571
66730
42329
291018
49750
342676
153699
280021
626695
273481
215050
256761
192584
120912
513369
352077
143873
104216
237441
8898
259555
78085
288694
668154
60847
43532
157190
49145
133734
81915
109816
308772
165910
17560
861
60096
179358
56644
107551
228052
161696
137847
168952
68963
223636
94166
164403
349562
10711
174667
87797
94781
35149
149771
112198
160109
267979
56876
194937
208295
32537
57673
7212
441535
508437
967
90410
600435
111203
118412
303875
90589
120193
722
114785
86746
118226
201336
171519
82250
22495
621179
36846
74387
73925
86241
51743
65365
1454
16451
343129
31343
227597
6578
79827
224209
439166
224392
262175
93011
79296
87670
105076
191622
94210
14562
182748
151907
138281
164710
29615
36747
69203
246232
210423
81900
24345
130890
112076
184025
152954
65989
295004
34587
270704
71690
129622
308824
130238
147882
105736
50162
62236
69713
153004
235528
1014
382845
123381
208899
174047
573020
71035
339056
50114
70046
119806
299723
168143
501060
34503
216157
68083
9022
18215
82167
672267
56209
28715
8635
89313
88962
76248
61225
64729
257262
809
129636
109336
88328
190951
120408
206468
218153
119831
337401
38174
51849
29439
48393
49811
44387
138101
149169
113115
10553
90223
418075
120528
341994
146579
52307
277345
3436
340588
42630
97177
111138
56663
129991
256056
16351
128313
80418
75388
118154
76837
1243
15219
126850
70814
481353
943
128923
59300
90300
54219
194727
250
497793
49273
114044
111728
118526
100696
108493
165448
525733
8470
315056
101773
199542
33917
4793
73882
5138
21225
78100
42690
52704
162431
327409
149790
73059
1363
27511
189629
88683
146910
180228
178420
159890
138444
90546
337614
98912
119355
86051
96844
81828
309836
178982
136461
202010
107488
451006
116691
210180
80383
163211
105070
73504
103817
165907
100514
249412
1953
382
157379
41414
253406
41537
386674
516371
136061
36947
17307
216795
148066
641358
280630
89808
98619
148576
448
77304
80750
205691
22185
40185
48841
138612
142089
351916
1038430
265664
135241
239437
288460
7381
167535
8129
102484
214449
124824
432298
79882
234064
207267
136313
237494
432305
238112
44861
28168
81758
562557
258731
410300
489
103939
46090
184569
189613
72672
61046
9082
179654
46556
18974
182695
51123
74726
143648
106469
48124
21492
112742
79689
114561
165719
88067
1688
534063
143918
18252
77216
294931
122345
119487
276470
264985
85346
163802
53584
25515
173249
56618
534821
404660
45172
38486
59569
220789
416991
133957
127944
465537
30578
194067
557112
6333
120393
3295
9326
49241
24520
232081
96610
173999
75565
37585
7516
13873
154478
538414
130108
174148
137061
112448
97073
14585
18128
15824
192660
227524
68983
1422
109348
195819
62558
80271
4468
38212
393670
41166
18422
68662
336005
69825
168102
256235
73955
33947
107668
137705
106665
463088
871
366931
799314
48748
28196
139983
323621
20822
743
70893
354943
151680
148455
271284
52211
32338
97183
76508
215562
100971
94518
93490
1408
47349
45826
62258
511
125535
90899
139735
62651
31441
595495
44589
57722
387875
36538
155780
153682
89941
124858
258373
90064
76561
78796
232806
14465
151062
817
468789
127918
94302
17063
2936
180491
54404
100428
623447
116837
7872
258121
230230
208611
5882
124128
165221
45085
67274
557
241097
206974
430816
75250
149293
143763
94100
172841
76099
79735
112024
117024
86667
122467
181523
119196
69439
85439
142227
123110
63819
89003
41126
43860
104236
64599
118786
95562
93275
2886
97280
205095
313864
74426
55220
261669
8924
8315
3183
323
100963
77249
79340
123063
1680
106108
84738
160406
18195
486662
338696
139371
379762
69023
83592
16499
265513
66691
474652
26837
125770
281647
73895
16050
46915
43368
159086
279476
172950
57579
303
249100
83351
171499
221751
8218
310306
182473
185073
59068
101024
98042
663773
1340
180738
161912
790567
319206
279796
81749
267307
68372
55412
29502
123288
451
160586
62630
39576
8233
106207
65102
89815
115962
155760
174584
84974
1664
155038
103483
60955
67546
218392
52538
263292
418032
115532
78679
1936
65573
108846
55100
343350
3155
109100
69897
82231
31853
134300
19787
39425
51275
66404
92443
111973
241522
46065
210961
289613
195767
32915
7419
16402
303873
149084
106813
223330
307741
141389
29047
42151
38164
656808
184616
150053
259891
87530
194692
94239
179543
57009
96945
53565
140804
221150
210902
11651
437552
61940
121503
12922
59050
162568
234694
130935
30141
180454
177236
181496
139812
682653
36004
44377
355601
99339
135085
102154
160280
72649
203887
169604
102597
147107
197976
31577
184670
170277
72666
146217
128881
38469
159295
329539
127565
122059
88806
110764
150707
96526
170268
112711
49928
39670
137762
488365
541368
595290
28224
91084
156237
297505
453910
114317
90876
250559
174100
234171
49957
81035
69877
24085
187646
118083
51446
356721
355304
183245
152141
61747
347076
44889
958326
54691
35009
226646
76907
5508
204697
149328
58057
225618
279949
145077
186767
180352
76306
51742
103619
180297
31826
26977
147284
77862
70757
314305
289941
155414
260347
169834
208483
60230
130650
70224
68924
451022
128099
198320
191190
508558
393820
173266
130649
205440
119675
84596
153078
14231
17095
258300
156962
110720
3980
1829
326728
192016
261248
31671
153058
474755
67257
149251
37953
25497
125341
387620
5718
162563
111397
141238
183756
162201
126198
334436
29266
109642
135473
17186
63157
266136
41951
230336
61858
33475
153249
122743
169459
93090
42076
463709
176089
102750
160057
172846
534210
52420
79805
278877
120998
18805
431817
101933
360822
127819
159955
139397
165057
128728
177651
9116
353226
360276
119547
38049
173648
156578
617300
111898
112731
150323
65653
343219
280012
268745
72093
65946
167308
84747
165222
103797
32877
55490
181060
56513
115757
185279
1390
3646
125212
4669
164520
103672
10951
276332
1962
129162
487374
122850
204653
170988
693
4953
5322
43012
429318
265128
394
35801
67570
245943
67219
41045
678778
677160
110993
174004
880097
215113
218924
367004
60956
15485
126424
184809
169916
80632
118283
99570
143248
1084
88159
171496
110852
61196
277253
187382
139599
39726
342393
58096
59673
170945
299479
24277
109910
73526
240294
219042
85687
69735
150185
303191
9724
148389
39774
142682
61618
46187
133767
84032
159253
166898
422391
230286
65350
267835
205878
159258
236192
208747
26554
74703
62217
222243
558342
187788
91710
62627
42457
83265
97435
551821
409869
224123
166708
74470
152510
101420
247859
27418
37986
58971
193231
238897
218064
41061
70144
47721
411839
33583
136498
137932
24246
33680
237718
72737
605897
375155
69805
43244
74582
395062
210270
12022
62512
79341
193325
5585
100870
118297
80056
167765
194866
80307
229300
57884
124653
282412
107897
57342
390974
81969
6990
13727
139483
606
161513
129883
266380
136946
56967
97229
140546
255430
94304
108837
413872
222470
88814
74860
219203
414717
568379
101539
128620
64631
106617
83713
111695
131646
436246
142372
128640
104914
232023
579379
99027
177772
368225
62343
103085
16260
117829
109607
383585
84488
235528
132889
74770
86255
228201
203642
122315
93243
90864
79966
130030
9190
358586
137156
732956
76376
202726
327631
234948
106063
27153
114276
85548
306234
29588
478759
211864
222829
243790
187595
239586
97882
230548
67103
23186
590513
171176
139306
65666
2827
119573
239719
119710
70743
155856
1664
174064
145350
214052
313201
272413
80459
74459
117205
77909
121054
1895
62481
186361
202467
77101
137749
17625
45402
168257
37230
56392
63144
5893
203419
603068
20392
51160
106664
181980
258591
70836
167225
118483
426741
92391
81275
127923
134534
16481
4012
31594
57158
92311
246883
186236
277158
151447
162299
181366
10190
263224
158788
10643
270706
136036
181425
29160
203010
105524
104613
143174
105984
314997
155660
101452
114053
50005
31297
20422
56096
80738
100669
72022
173295
456589
111010
60503
433266
105101
360514
231691
407628
106165
58335
38371
73697
146784
61452
123190
73183
85830
103127
709811
183759
248670
28375
200401
66528
171613
87472
32981
192174
30818
135846
715098
36110
75912
56398
29873
137543
240505
429616
232892
56440
36116
195679
264
372290
7294
101333
27594
9538
108121
35643
30406
163791
63061
62294
237028
431359
176926
66262
505972
27108
363271
64373
316492
165786
146607
112373
15276
9319
169204
174084
125646
506200
11121
228294
23212
16444
277466
123776
128533
107591
250519
68986
38446
151915
191063
57155
159631
259427
450672
99815
329960
112026
39891
84149
159740
238092
97016
92784
76704
195240
28366
67129
37223
67255
357477
70920
216087
545510
381231
212636
191318
76018
162154
186833
298299
28596
291604
519
337
561354
14256
309131
69727
84509
54783
268930
307263
137891
390831
44966
167226
41862
345705
658280
547264
59605
69645
127367
270383
421845
770276
9843
94831
568
104019
157931
217178
58622
91555
2407
193470
43836
3759
39892
235898
126941
7370
213357
323346
118538
202972
114671
227936
25756
161214
119953
1695
41931
71833
48472
165274
29234
226754
55826
126867
232976
467866
90366
313745
38084
247762
22318
138207
122582
18771
107801
127449
455244
231253
165338
4141
364763
81490
142747
573
1351
134382
248145
6519
278982
351452
4451
179150
386773
291120
240378
295948
177632
256931
610986
21246
246104
10606
388992
83548
96432
19798
185405
142611
48483
233583
133362
196813
59677
70531
92486
314477
172729
70635
29127
74894
512585
55202
290501
528366
49444
139103
438364
687059
219343
246732
38850
262401
175708
382609
219373
59900
209837
31912
168929
88601
450588
27057
216708
353364
16493
15766
397207
241052
12975
44905
640192
102856
25922
51555
228195
66382
68372
84491
234280
39987
225429
113756
116711
92396
2158
342836
136512
207537
60480
196666
115597
15322
249254
76042
91141
69464
96195
1472
135073
485033
188523
567956
161178
161796
41800
26739
139491
191778
93350
142135
126838
67901
48608
77217
201511
383632
55901
681829
24708
176771
26287
268364
151368
59021
117918
178171
85890
4008
17383
179860
98316
226805
2851
147488
92887
149269
20170
423043
30040
96684
426995
114277
79069
186416
314759
288217
35440
162321
216337
43596
77950
161699
36143
159753
310585
198077
150574
101003
135309
273424
128527
99607
179447
309140
54130
478665
84144
7046
155063
85642
54799
82490
133015
72180
80931
73173
139081
462429
15043
226974
237228
161525
50301
237656
30338
424515
364138
218583
421976
377975
52017
192284
30333
259885
63225
190093
63926
299102
118645
394939
220637
39450
125707
94905
172618
593882
109850
65625
125852
373857
229627
224294
352172
75344
6243
77095
238252
172982
130532
123525
136179
407197
92401
176204
108403
53893
42592
23317
107332
122274
58695
88041
17952
69565
629760
164632
44814
215158
1769
243873
226373
544227
190204
11281
237057
95443
186851
82542
72956
200246
177963
517288
65901
34031
76551
153078
149127
345540
104507
518716
334883
366
199002
233416
331911
44126
94170
2747
123393
233124
252276
98110
562814
98066
222060
178970
90330
87407
408975
37358
38109
191151
103070
64214
180873
104199
119297
60291
3856
122462
130498
1400
147571
23157
892
187409
187206
170671
181833
21482
488046
236940
201943
143275
235573
206308
571041
130259
152174
250104
176535
5725
125982
180488
137187
612043
246024
217592
145185
125452
99157
333
218801
130612
70062
216234
164492
217499
92487
155342
319196
103830
98662
96143
623801
55120
188140
273159
36883
802
154698
144754
318627
2229
32533
315
304783
141614
64459
54620
445536
127250
16751
280791
254937
13274
99717
343198
35525
163709
72133
225392
164041
82154
2338
199963
211837
133861
145549
71125
263498
115892
647462
589594
96684
254481
149354
34545
360565
25643
16800
341300
48721
68869
235823
11826
519187
72333
259592
140511
487
59590
174589
109655
84840
101012
75241
64932
561
4137
252244
109887
53966
236805
57130
191529
7113
365514
208651
78121
322313
166984
110317
94348
114742
573923
114348
133228
8197
104436
336926
151023
543728
10328
207485
214752
7481
115973
123455
73862
229224
49256
605963
306947
137567
232087
171657
95738
208653
219526
40511
166285
31955
106199
110186
537226
91101
182950
91335
138056
7892
39571
25419
43931
704827
242432
103707
123225
520108
14089
126061
66696
142600
188200
26761
55102
216853
267784
67496
932769
76066
49104
49728
168733
16081
190295
161298
605064
252991
402990
39866
111086
155689
95573
68574
287580
168033
1902
239378
114589
194312
85796
125995
154887
41725
23616
44114
716423
763339
53497
211220
103885
50710
181396
270034
124130
295572
72925
12938
108137
174878
155632
63961
21046
309482
44214
112034
130398
74844
147132
222349
10378
212417
330050
149399
8705
269501
255903
119179
190371
173195
82556
684649
125160
102900
192460
229779
2212
71252
11130
107067
314766
326
190513
296674
381
12836
194672
191389
36926
170855
121317
76009
248686
278542
1007495
109901
132764
92685
51127
94745
99908
74706
165862
206395
69186
90482
2484
387501
700468
305631
264164
211018
48426
71579
137899
133302
243748
287811
742528
84551
135068
308458
634817
71846
81738
14571
264431
160456
319173
80706
99315
116418
102746
231347
114946
261660
41505
25454
5210
153987
134596
88534
452669
78839
183705
169463
186958
34919
216711
223178
337945
61479
61173
705560
128930
167873
80945
42303
256934
228215
231278
367779
40215
53022
174119
92234
26601
116362
101422
52523
189872
481384
44293
749
104209
121977
56375
38347
140766
39625
557
115651
43243
125861
166397
51898
212042
69737
186815
282327
103043
397166
41484
348001
277053
265213
321061
123658
47096
317214
6658
2496
109035
657457
29654
504427
106547
54993
26099
152476
85771
119143
239500
109900
7197
62166
344216
427448
151336
215726
201804
42681
140214
5959
205749
128228
400879
154744
414485
81282
653595
53163
257525
343725
186766
49449
708792
73471
46800
111672
235492
450812
63424
170025
231522
64395
179727
465191
111841
39986
107233
181536
181483
82403
86714
226467
130717
112377
15681
104690
88467
185808
10995
684342
3801
58265
305459
244827
264924
179710
89561
21711
123858
178766
202628
15591
81637
91083
122714
111464
15415
55645
81116
211891
134187
412416
42123
109919
204687
63854
462557
357322
66502
104467
92448
82141
63270
517488
164115
156865
22588
208618
154578
160592
20032
641386
200082
125597
175884
27836
163863
93344
165864
45082
118927
220921
211831
144718
578221
305597
66692
320420
756151
133288
23023
92933
13302
261740
68794
88528
23083
8760
109413
10910
327812
161156
267745
25602
98431
118880
69809
140778
206172
140964
185659
6264
205397
8042
87508
406606
273809
265743
101937
133711
151288
110558
195272
113756
65518
71778
151944
67367
46775
41254
335761
175244
77941
59137
157398
62739
118869
93013
97156
97933
53344
176153
467925
129582
59204
845993
28813
33655
238901
45600
165920
694621
131498
177136
186321
185256
232727
66908
116260
233778
257359
126335
97160
359169
29859
363367
448657
30376
241176
276675
210512
150914
130184
236398
199296
338093
57046
228307
144949
103856
87263
199928
55796
196120
599461
452781
130474
357689
104094
123789
291974
340412
106624
129176
18270
107950
164786
385513
83002
157981
426039
137792
105674
239873
413591
23257
48016
214442
199989
134761
14920
116454
35590
40785
29658
246502
103723
21537
219014
8831
524
23306
182158
40736
211076
228734
137642
172679
89951
474959
145349
58884
59512
10281
616575
245335
4361
390648
83633
119938
151658
136961
78454
84109
193458
352061
85318
134439
69600
56744
304704
20549
73291
28964
218771
251763
257307
32284
72840
121997
376600
368737
22052
143561
147526
154446
61589
249389
136952
320333
304293
324437
604331
95345
276702
507964
83350
128034
52174
144200
128537
176443
214839
463
26891
403904
270616
63548
166172
30105
454719
16049
121894
50234
253310
264412
24163
82217
78311
1193729
143080
9979
670585
354106
138561
259365
2342
42121
73390
149028
20567
217
292369
107872
187849
184318
346935
76443
267262
195540
174787
141193
83364
414217
131806
56393
156566
48537
57972
530503
246694
301577
39148
136918
155037
112105
126282
212064
126289
184977
342191
126837
208499
107521
79180
20013
383633
166324
1188
132859
257732
262277
40696
243387
32215
49555
48714
138935
73281
243649
177933
45198
13017
275423
87167
118420
322599
352316
8315
528
143394
150006
346860
156622
6260
88815
194598
69363
257795
174167
657685
575376
112558
9357
2113
233896
140125
241028
1324086
167000
186148
493161
147475
643520
47031
140368
99939
192520
73095
166951
169906
74066
63816
136241
178030
179144
259867
25720
158949
278318
6820
176872
90971
110464
431329
200933
83517
60714
378647
95107
280069
166647
16310
205232
235166
551596
20637
100379
127195
216962
167263
157493
129282
58171
15029
203395
65595
2845
175887
17680
219505
47886
1343
181632
132377
185370
186744
100215
129882
31890
299460
82413
937
108372
75002
135393
81374
67506
168985
121335
55375
800056
164676
44419
151670
103355
97626
85005
24737
271810
259689
97634
267846
226229
162635
190201
89450
26702
46391
54318
1269
219667
89167
120971
14466
178739
31252
423
241885
139753
608496
29240
110064
111405
35010
103365
262412
24161
5511
80363
182374
288688
27380
202593
297983
151494
60125
303499
186891
195509
82832
177055
201227
6989
81906
209507
140765
66077
46387
71511
117036
34120
202511
298060
103347
79186
123916
119761
330661
76014
69388
110740
169057
2884
172458
120089
347919
81348
137400
192570
59332
543535
65455
344700
344360
71457
248934
189023
138189
14653
64661
236238
201155
147699
158113
90686
173607
195917
160725
191927
85848
269264
155956
264789
117481
151625
413604
7637
386879
699740
125592
2563
121509
296300
96252
36731
23440
75493
79190
64092
190533
55644
279733
388331
145548
152626
230749
393871
169485
66784
31912
50938
78575
128099
540517
409541
57448
38477
196820
248280
237211
119075
2158
147912
114307
138111
212057
389467
112415
157212
178520
181172
694763
150467
137155
51494
34945
40791
480133
466567
327065
474403
689
162527
132785
41415
524886
287223
30465
135896
72246
202277
136440
34401
49505
275234
132027
134446
320210
723838
177221
329427
58066
100626
3532
281436
173077
105807
73170
97719
73329
118056
159780
289734
190308
739236
143019
176769
202794
85927
32188
60203
271911
436843
358584
196254
248117
80210
240456
76759
229599
101677
269251
65862
75636
95269
252520
75388
52850
336866
99112
108447
234984
87328
43305
210594
289142
205013
335555
147442
73979
346150
295
227047
146565
2634
721362
205465
5838
191174
53637
99792
327117
168464
189940
33624
55528
158092
73517
112781
130167
12116
174073
153972
370955
1054
311498
96330
382559
274717
172355
664248
37157
135042
253762
125472
478856
492524
211454
277249
124403
49776
272055
367600
79750
131915
118903
365351
162158
178010
10418
76504
232510
83347
12135
112787
57591
73578
276713
85208
120764
194055
252440
179728
161157
78193
230423
232946
74856
116244
137871
677476
248879
249648
57050
36951
118226
166280
248104
118529
136159
47462
238025
19766
181042
82482
144271
48186
131946
91748
37083
219037
116147
165904
78224
135139
191809
109244
266275
153700
253031
50886
109171
159882
214584
300771
271692
280608
39706
55624
195793
456852
263654
177730
49916
140429
26976
165755
146557
55831
150042
197665
61711
134839
122420
161382
736365
186864
127617
226040
53811
44258
6752
150652
115464
128915
235463
102932
587502
107606
59486
66268
285727
58181
63930
2559
80580
98261
127654
247988
162728
96054
179386
78251
79452
106754
60859
50159
4595
286682
589581
214890
108017
318034
242150
139786
241033
256613
121900
242671
123375
157588
97953
25744
1273
259928
236224
69076
84070
61523
114273
86063
46137
139104
233678
523259
70161
112105
61902
231694
181840
151226
148963
82337
267493
145104
155685
163341
68690
597224
663153
164547
71841
51415
150682
77526
148014
67824
176796
46854
147005
173368
89080
103912
206350
397580
69656
211900
490741
233202
36114
86563
7259
323428
25013
86707
143905
242142
97261
72812
64020
270122
199347
334229
583020
488317
120189
24895
102004
127495
84825
103898
228451
29741
277763
97483
199548
265696
298660
237212
150347
117341
171928
7741
232824
92625
135731
303327
97999
70286
13309
89858
137766
451277
259432
170205
1736
165858
33494
129987
42052
40427
67931
33328
159962
327426
129113
203971
93757
223833
560086
138317
316357
247949
189805
227805
146979
59545
23410
55172
130096
191458
276403
14706
221050
85346
110597
37466
628136
12323
142292
207908
94974
264520
631373
101770
10082
270328
175009
62498
240362
45365
33586
157022
288224
104649
179654
118146
47809
104204
202612
533116
903595
52812
502789
328449
291491
119590
6534
89685
61914
48829
302766
148096
151530
352124
259229
209219
314357
346148
110921
36342
174678
218327
175431
13822
76703
130655
60745
38346
99562
110703
158801
627829
390799
25289
175874
21702
11950
201074
112622
158008
216483
120575
582883
60452
67872
131359
164556
484866
41850
181398
64829
225280
111984
59035
53223
6057
91485
39363
33704
331000
108518
89636
174719
98867
63598
59739
302938
135841
5054
337574
150561
205740
226433
19736
81308
69464
886244
134216
302924
165868
208194
61218
50738
173528
171798
369475
88530
42155
251786
217285
651864
530368
314209
271099
172430
13364
78016
425217
89159
594191
39216
186680
255581
192048
89213
96569
172200
95750
13657
17570
301409
274953
170992
27474
45104
47002
249420
72561
328708
587798
73457
110988
150550
56687
51879
112029
198647
142360
100628
281908
48458
81100
258938
248371
317723
229921
236137
65967
196679
115019
68284
16839
80893
276772
151655
267495
93916
92630
238667
101089
83845
81228
193684
206445
191360
57271
188931
145634
443967
189892
320903
374709
2165
99280
367254
35253
111147
86975
84936
5480
176023
230986
151490
116171
38301
25604
316185
218968
15203
138615
326492
71491
839573
534534
626255
144159
433355
94227
560853
152804
133911
204088
364479
216086
273533
64084
172159
126851
120821
203052
153202
219920
216595
128389
110798
269005
558543
166925
394288
199518
259550
19357
52742
228823
83615
223662
235628
151598
112002
71847
51575
176254
17934
368475
117571
30839
205274
134071
344269
32238
96101
187298
631317
87978
17040
459102
50142
92921
437003
82297
151116
81566
2316
80308
62844
66116
35674
134013
39241
139099
326861
268406
253600
26213
206314
109727
149038
134403
122683
74804
121407
78191
24563
325849
141749
240878
178106
422282
207240
117311
177486
306793
143789
425986
902977
225962
3688
318185
84580
187109
115234
477470
3388
198421
52225
180125
127120
59760
159659
146965
135018
38133
169233
661626
191722
65174
301681
483892
105858
74758
1126
106085
190696
168210
102152
119287
235874
242798
6334
94129
822591
129280
334466
343573
97534
174845
46894
94857
855068
259858
206979
92857
27115
172569
433984
51678
152107
183930
196916
691281
244523
279115
13495
326590
103561
142919
196653
220824
162061
53666
562448
122881
23738
117290
117133
133483
291377
94301
70451
185128
268975
175518
44368
253162
168821
146722
64939
20780
309387
5021
297940
377136
64506
209573
263163
309392
191860
243715
256867
467106
13091
333431
80899
60531
127873
89788
64271
41168
73940
186367
42901
96629
163852
831100
370152
207341
115363
152355
337067
355317
8866
115572
310959
219495
253424
572278
249035
109430
209525
67938
115167
116666
150154
115400
126156
206824
252320
62995
131125
522145
31083
188103
107374
7950
123013
92512
146568
100752
135223
100627
174389
158509
149506
119933
223938
303764
343850
121485
19503
96887
209587
167228
298420
43269
60266
149645
105600
248468
171734
111787
39150
259964
167077
617522
128562
14241
124584
128290
19339
112142
701706
718932
149836
46439
156604
107850
93081
1002668
87027
673442
316266
184183
116415
67637
121139
246074
116726
590
244165
798583
42394
105990
47433
80362
139591
182193
54547
40982
601959
305875
64392
18772
81892
7872
196697
12411
265075
139238
149174
24369
309822
6764
149779
201396
182896
239908
48535
131180
309258
196756
17253
176148
89374
214710
681305
103597
435106
81385
232656
103111
262403
339801
413133
69067
424007
126726
25539
229203
661901
65411
589404
81974
334814
216381
299771
177432
300004
130226
82911
159559
192069
149408
185231
511869
79763
555211
334136
283893
247948
266967
217048
289954
47318
384079
217078
238156
128312
250479
319317
207660
322924
70745
536909
297466
306523
551048
91577
34803
43884
565419
70975
215956
186295
304078
149408
210580
243875
506775
442214
84641
122510
200721
289219
259640
82504
256552
75150
250798
194630
19819
867626
381012
108616
181154
459838
413672
135236
170296
344844
506812
144472
99295
62305
97433
104415
44571
151037
192737
63925
83143
482147
373826
90288
150498
10439
285387
34464
451522
24580
217092
177171
446427
188215
69507
173506
128051
315549
191177
457250
316374
173013
44215
203984
163354
101612
105228
203482
152911
11221
182710
553204
203357
243552
147578
78696
76803
304669
195175
21278
311227
342384
120963
512024
78239
166674
95534
250187
10799
341521
173846
104591
89068
182714
91396
54315
155848
63505
139264
137468
79329
395590
141219
285924
95179
384511
205215
118129
92762
258790
176322
104890
153120
1289
52906
194048
184338
365165
596372
82857
265444
61262
115033
274624
125264
139619
113240
104495
87197
100867
168672
29516
155134
647791
139801
209782
246159
144634
124370
314529
143495
72170
285036
133571
90165
96231
105942
65612
71005
174370
69026
76116
82162
181201
134796
66366
74793
125625
301738
77551
82385
40917
220496
294702
14977
340919
24662
140973
86068
149048
45532
323492
585122
109050
131722
37572
124268
95827
30700
268528
459
57794
38956
152730
2513
148713
284714
746343
162195
51665
53266
144282
271537
206446
214161
86198
421244
1689
254138
42406
192095
402493
40269
230140
106040
1365468
79372
63717
148608
92691
392403
235657
142211
221972
253855
261225
138867
207081
33021
237626
191300
140211
119903
376414
217940
220937
260633
167052
280549
164238
131230
20954
99645
585518
125591
718902
235224
239288
45665
11652
122837
114754
442014
905
55371
118349
685653
152040
189316
258951
115890
58191
539171
97626
13061
255830
146455
31818
114644
568656
43079
623463
194238
15828
225125
108751
130863
197142
271179
116153
124947
69702
198406
589360
594456
83187
149908
79316
80102
106997
373022
123423
283000
139133
244605
138292
139718
41574
101291
2295
160033
79297
100527
143735
255164
203864
258082
259691
34635
411600
76578
67635
119478
78385
42546
229423
82173
19577
186364
44601
487260
64862
209184
99783
74177
260161
165884
719674
229829
29382
182121
105398
64838
277894
192504
223385
657963
103326
326595
68610
167660
67504
670168
373161
302903
198181
682734
86586
335026
82692
34755
276862
246891
168872
95484
178623
152046
282367
10846
376441
139904
211898
119520
100879
90560
511253
369599
227899
293071
634354
154243
78661
2328
792297
130466
187862
43258
299125
368677
43708
299228
220486
111619
58377
110971
548
237187
101673
104467
474448
104149
73842
247990
119215
144628
430512
110372
198941
170855
267943
225517
217328
259296
27346
178498
81336
949
106291
183719
506272
344270
189701
261717
338312
299517
5027
175204
136880
123678
66884
338323
132531
228259
164220
200282
132915
300175
367884
290729
173066
61029
79189
15713
166960
241105
141674
147550
114632
65382
130914
238709
168675
77670
337330
141744
125314
252027
24819
212472
98678
9298
176002
183986
68254
269275
269849
27299
134696
208985
413384
261760
4832
86563
164769
259508
273754
73870
257161
100486
9713
21263
295132
134417
130971
62902
203600
50949
414383
217549
378754
116279
147951
170147
221255
420289
247630
115396
187772
207266
115576
634083
386615
393619
123773
234364
184274
24149
95266
141855
25006
103924
298284
133321
186587
152775
363197
55776
89512
312276
311746
248482
216397
394234
223566
143268
194490
148495
93185
205640
73427
362010
121962
79177
46728
220407
310934
76362
59015
223471
761159
127903
155993
125288
256097
670101
70181
62569
2991
391707
38082
211147
209532
192155
376117
424343
139536
78877
51410
70726
256966
168465
86188
345556
201236
222011
136955
216584
618174
71613
180558
170290
605529
278934
32746
113334
231874
84702
87222
100558
123036
136910
92149
60619
225008
254964
128877
332299
104148
276085
76150
152062
213869
55227
3178
19601
57871
161586
42015
41762
29465
133957
134610
8468
81304
95245
498151
528677
184226
7164
2019
47059
394023
114494
113480
114878
164046
38662
207358
386975
59201
113157
105027
195086
142456
36198
328932
465114
413596
87382
771408
334196
205318
76624
169909
427128
104393
10006
232321
73622
268668
614965
1256932
2350
124625
23833
203378
402888
437366
487926
104361
46449
79383
94593
8360
122334
328388
502618
107704
98954
110695
107486
140629
39545
100090
596448
313260
90212
222464
205102
317523
166662
109355
302290
53009
153159
184185
187969
42724
66635
583665
203980
121514
39029
76631
259523
143257
188267
151384
141382
490496
164148
100416
64223
223824
140747
277461
221696
50113
90166
16991
9084
44075
269694
426842
298793
752552
327675
363
156241
149849
208776
266192
158200
215954
48230
97725
63378
48328
160043
245880
68806
318568
439874
238493
94850
242009
184998
493581
377201
355014
502877
157606
68758
334019
70033
151218
404182
197575
118654
44931
393222
99165
34643
85477
101063
253361
375945
224212
189834
230995
197554
90546
320999
189058
189288
74160
197116
141767
214204
62600
91940
631005
243920
256807
177292
15018
383134
561393
164050
105934
70061
91091
63002
278946
658
184981
189484
102176
379004
349197
207709
727
207128
266083
164598
516919
107069
148021
529407
244038
195526
51489
521283
119240
3332
67567
81765
171106
31110
55282
160690
249163
321706
56634
143443
116822
78028
58672
143392
43402
91852
727
159244
142139
61468
64242
461470
78004
671037
318465
307728
288643
494463
138838
762795
63415
37087
407206
674488
397440
21269
244353
156400
184826
625
77054
268641
341660
78408
83765
411448
645985
152184
53454
343283
43258
23460
165220
247736
136983
5188
245282
698164
173475
267749
153336
164320
246637
122488
274685
113451
187250
679557
330475
84049
89786
236435
173526
49374
206165
637836
157749
446062
254619
153646
204190
136149
599515
255124
244665
353786
54089
110620
139982
82233
229466
219148
87146
35256
396987
928
148173
245062
113031
123767
185111
148313
179326
312311
51138
146878
232623
74286
85018
241295
102621
208675
65360
563828
66758
98142
535391
490949
361692
143205
170426
339814
402274
224174
29044
578160
204014
338686
91838
120420
180619
56075
171026
92947
101717
309067
152353
78906
311628
36396
91009
25025
171346
275744
93833
57006
343333
99330
193685
119486
173922
158895
230613
448539
115823
348176
65060
46929
153152
219850
166536
126516
515
75050
161898
370245
114571
302178
611535
68547
86736
313284
135442
79380
38523
193263
68645
135282
99029
224645
141621
135972
386824
376507
138352
138951
57308
88082
126038
213088
214718
135574
416469
104576
376176
447715
167395
91156
170315
14542
447656
156228
57385
186755
418547
141353
108514
52736
190225
185713
87483
92476
226501
182046
130093
140456
220349
93840
83670
49768
44778
635518
218869
306835
231971
122955
190307
220807
91416
233913
229738
198530
382135
17434
222159
167244
174360
197658
73872
115111
24124
145134
387042
410542
47207
459640
100863
484354
175352
179848
127469
363687
529454
52461
145152
214349
245056
141374
537479
143171
276505
377463
573975
69837
80389
262526
305266
35871
112912
351176
177106
11300
146022
264825
196957
385088
218517
169205
257159
263889
261903
74003
63304
165713
409599
157159
11532
63125
91190
303625
121247
676427
477567
122910
140804
53416
252888
141145
453043
214010
506768
618142
311008
104538
229567
34344
108209
272434
87460
183435
42016
39049
195999
8781
104741
314868
320589
750
65956
122797
273049
780484
158193
286815
127732
604742
106227
93780
280302
451395
77403
170546
116851
49069
275613
234502
194781
1545
35302
91793
205417
80508
238893
118060
194717
475756
47685
336738
133415
17654
29709
87498
464762
434249
31746
521794
249097
84408
177705
87055
87609
222926
133509
57013
844079
120140
242709
148942
214036
333544
290335
295376
60009
155389
147382
18731
45363
672149
71498
45981
39389
180052
102189
69067
164823
18866
79658
467122
289708
80783
138505
320873
102617
44488
83334
98597
66681
421028
48842
50610
74214
54789
194003
157897
642581
160690
123658
136278
582449
26960
200110
113151
119275
332344
277435
173909
518199
51933
68126
232074
123095
214048
129871
76939
378477
213408
81059
239803
73483
318149
685733
91413
144939
259055
190178
81570
274281
358304
614151
278293
243127
213493
190847
134641
74391
800946
221699
140344
30422
468831
5012
289684
103609
150029
237232
416691
194476
336657
408379
235633
284090
130143
255753
167182
318795
177330
488677
154845
171391
53643
98010
170280
567165
145690
75688
92562
131265
190784
569698
154519
270049
127934
122097
29753
252585
500881
121879
38692
129851
322597
70457
165669
123894
262450
125080
356453
132446
31292
163246
113311
241915
38932
412979
379895
362388
712917
196216
28705
134039
629021
143135
573782
251607
328136
294119
210861
152276
162219
110273
78329
370317
127561
70521
132921
329783
477851
137005
233656
276332
236790
331271
492157
528397
86431
51729
154872
107308
148789
152677
163727
190874
182177
40153
57727
2627
113840
447301
135137
93057
122090
273056
156106
413806
100798
208905
404680
1715
394705
63862
93943
318187
230587
300167
153678
257538
165657
274672
150262
132147
98963
123981
30185
51074
150527
157776
152682
101650
132570
189585
69449
118813
129761
540694
229735
236699
191179
263639
29127
18433
140623
109771
363839
408797
143785
101125
493777
311373
38865
199103
286452
351991
88908
155070
208364
302855
291039
263218
178468
84569
194351
311292
242270
236931
161895
57715
253737
36184
202114
124123
211253
325391
89343
86028
199193
193308
302744
161052
217801
116148
78674
54741
237376
197047
66426
383601
103353
109882
292051
511570
116939
135045
356081
161920
1788
222711
137984
107525
364326
114144
71646
89073
32220
139790
98778
40643
969860
183584
152064
198439
127661
285690
109785
97126
328917
80074
285696
407011
133273
152016
287982
82043
150666
336216
74758
86328
38620
477914
57757
156457
285210
21622
91605
176782
287793
263673
165229
115159
251903
154371
154193
194124
295116
363816
222090
165743
135492
27593
133015
33720
177291
104245
196300
141484
227157
510293
147582
550656
117305
226838
207902
105772
458098
167924
839746
177006
326943
62162
26864
373849
228150
173362
18171
249754
161669
249494
136262
35046
11685
17551
180133
135506
1422891
79052
109242
233165
168341
257231
118401
217806
53857
199755
99334
262249
386287
272532
16993
231334
291910
100466
479518
10413
279605
123613
121999
150582
98939
246746
117255
312144
245979
128191
141074
197448
567137
92819
192786
42665
482
3016
158238
61911
56057
80732
22459
125119
171928
129334
86521
576590
148060
96344
257211
105200
226204
207625
18223
99866
154678
6207
474689
366722
200346
133167
171105
147358
204069
45178
240028
282929
16189
210051
119190
206773
302482
335815
64608
89014
183323
47684
112757
119949
46721
67919
277521
13383
251681
62462
54265
252863
357994
347927
351202
455202
244815
40575
219538
650130
132417
176737
314320
4059
295282
679392
7976
45825
261380
10903
171395
58245
323339
371904
101608
401191
35316
102467
239011
381911
100788
306412
245838
79861
295197
158700
177745
73042
23421
317398
360426
111935
132498
281514
289005
254166
230938
160349
293154
133073
50431
645759
161553
170742
122403
107380
392655
85892
123779
259747
241804
26672
240702
73404
123284
261572
53248
163986
376657
379342
11885
230518
193368
430936
128389
301220
130518
420677
290252
211081
255131
67694
236517
417856
75244
524723
138367
136316
218268
56610
114351
32883
82545
560282
128779
524992
123678
270900
284664
44964
2817
483776
176664
323326
16291
119154
91098
329677
238927
35216
215192
5349
130360
196089
456976
653195
46608
176748
119358
143031
86337
377638
88878
182219
24309
615614
180690
231447
281424
82861
132022
264730
217402
322666
165392
138129
147675
47975
55053
99696
10100
108809
189859
166758
108331
122158
229274
77389
194235
223047
555456
192036
126125
154463
198601
201262
118333
101563
294434
179616
94625
114542
137841
255483
75121
211072
175115
88601
276700
50458
112635
238137
199256
215988
71928
54935
170548
206617
104656
147313
232842
145914
100917
256502
361838
761458
131988
241096
117287
136170
150937
219035
164309
12344
252207
204594
204633
53790
186664
345320
205233
36871
68300
352899
714269
305616
237981
495786
120139
111636
39442
23337
306679
127794
184760
78299
221137
85467
382984
134636
1579
91848
95502
68681
57584
151532
200934
1436
282073
265917
437665
28322
213368
204510
252320
230906
234438
233595
110506
144182
236819
484324
82590
55308
103553
306656
176595
115239
106742
180357
14370
172865
216969
86023
465111
255193
137333
15708
164662
196064
296936
180505
165735
44139
93175
152256
86807
102640
548368
217083
221511
74708
544291
155217
96568
228047
150541
63528
130107
226339
326665
88104
235960
98924
27082
257721
108397
55491
325868
953502
265618
5707
141630
30258
174430
273202
133006
232451
59752
136418
271903
487400
205979
68179
354590
15132
353451
155970
504422
194839
86202
200825
165400
179989
219919
62756
194026
187970
117158
41211
313587
311233
103509
29367
83018
132559
243408
883054
239364
7096
396384
426303
51690
404228
339521
54869
111336
156385
459466
1063
145765
335749
193915
1921
108606
446323
630851
208153
30136
96971
152039
267820
35470
253857
106258
53350
91299
71201
177631
41401
222889
143274
316714
293843
148516
114599
147065
63866
300444
274650
162660
206552
232033
387025
90086
265024
376298
102560
166666
189874
220140
423568
65828
160597
119146
277461
35516
462428
314460
235045
166188
143867
207803
226799
57538
229160
195433
270559
88964
4068
144337
231481
128029
251017
355563
525796
84657
190844
90068
28966
131970
227013
743822
143183
161664
58893
70255
41399
189513
52403
260751
436018
142173
457744
345388
65812
657096
844
336340
245897
279107
151504
56170
220182
95959
73741
98409
162294
143793
297482
60555
317123
364189
150859
142249
51864
162024
100582
380253
222073
224870
381978
355641
186502
87283
75660
199757
87549
5579
148892
818965
301648
305213
95663
129085
135239
239568
197578
139424
262907
78438
212716
14742
160577
106858
368524
510381
135245
1762
184633
34825
218989
181689
52620
24334
292710
148427
341887
10826
310765
125016
74561
105511
161820
197690
445644
126587
161006
291451
90681
185267
211792
350661
123440
538449
39540
162164
53741
195139
206113
72834
326659
949038
104657
18323
75959
596158
141314
450450
17042
221104
291610
155115
324330
844964
790098
193040
75573
526858
229223
61824
215328
60913
381725
54830
516988
95127
479688
215857
106935
99540
264486
229820
585998
254248
650114
664002
144604
167209
162475
320914
58858
144589
166612
224934
165948
38473
229735
190371
59184
177409
1127818
416387
529561
130000
168083
226270
151095
278382
498347
92484
177163
35148
618833
17502
318901
151352
59826
825588
134042
215015
583798
84360
65287
329027
254997
110890
316846
199559
115509
49030
194546
251363
188090
522900
384590
69518
579776
178845
197302
117117
167620
132742
259559
156293
54793
264537
15625
205371
262689
77371
205935
81773
625565
149023
401394
128829
239126
879325
197813
164190
568
58646
218298
66547
144690
323783
701041
406259
178084
269594
511913
742974
233643
278791
112533
75529
274051
237362
152403
365138
323966
648340
267584
324682
90894
386295
143714
294217
141497
64522
664643
148657
197043
143427
105763
443112
45384
133419
95286
206771
156335
249053
164250
182626
243315
371756
160611
213613
26106
112751
577856
92160
588355
121447
142507
256681
37127
540214
301078
67238
179858
239911
281002
81517
352577
504154
213198
266621
84712
179995
312401
225623
140966
201214
180717
332940
40790
30148
72932
198536
64827
93471
84455
204462
438824
58272
114538
67098
93537
148571
87354
40431
148595
275539
581341
241999
299771
35902
281091
57492
559660
225103
194475
60966
218808
96006
678464
178109
179532
130798
194695
29107
135766
152644
571404
57310
143698
282194
119862
30906
2148
44031
342985
112842
395652
204559
109915
708843
114080
314305
194467
380444
379964
73363
119681
175192
96363
110981
93625
199009
199890
163023
367241
329016
310077
89759
352003
386904
59076
101940
124904
220673
84361
207432
260744
125130
130786
119734
284092
28835
191788
390070
234752
354241
606869
325346
40791
191547
360410
112218
462443
153923
282866
16424
581289
269740
83609
354565
197271
310070
122228
184663
37372
269763
174978
329288
1952
266622
47502
133350
201301
230558
464517
178335
173512
103258
129086
180796
137407
139378
720511
155782
159032
96881
173887
54457
118257
162135
352649
61471
199154
229302
73227
114008
9671
315895
15359
151438
208555
190379
145032
192941
194579
144652
228531
72569
74005
166258
116340
262055
103189
90162
85799
84596
135202
175811
368475
273420
215521
423229
179392
208575
414906
326164
382307
244183
171977
218242
203389
356440
78887
163550
409461
175063
71012
147203
283457
582114
68148
293893
395219
250371
238885
195146
364552
349534
410497
769479
254132
271671
99580
46629
188151
308341
58277
100690
58536
406672
369801
472299
123254
574476
109241
293037
23383
202349
193529
304390
223754
311112
175827
141434
100569
301061
134942
112200
430844
273368
54256
611311
251610
210220
16429
330681
255924
130880
67387
231180
602314
621090
30960
128522
220455
349344
125775
351332
363030
188583
172728
346383
46123
65188
107334
122467
243720
116391
124494
129188
130780
113905
159277
330366
247861
133062
522895
125583
79740
280400
270945
158809
152029
44709
243849
173009
347555
657301
237374
272437
230301
27424
561814
66734
211168
52120
145041
77821
153602
146176
180891
48578
154373
40404
276823
104294
351506
530709
68637
428312
52255
109912
277979
20226
201976
26077
42125
115360
377035
89527
714446
184400
129876
351192
72313
193272
380254
258097
61849
333363
295580
757744
429450
309420
187546
6532
64527
69941
571914
132526
143274
209908
180762
325459
66727
132018
111507
122269
144688
98885
68012
254103
153695
216496
112994
625682
31391
329254
73956
146203
140394
76120
23955
480923
371942
160494
2082
193391
12985
290405
79676
38348
151972
196847
266640
127913
162700
278688
132096
150526
138382
80103
554116
321900
132516
161523
186777
74791
185767
528950
101318
111368
427415
114613
166968
578743
133275
188393
176821
146488
110910
468353
94877
194446
658982
394663
157250
145701
625668
138246
63134
507487
373516
93616
152937
151666
428274
6767
170101
254529
121277
78536
417080
276659
141928
110877
386275
222867
209324
230865
207285
88482
7313
116748
319495
649547
228149
7202
22763
247474
401685
211174
485963
75251
154313
207934
320994
73343
695569
217818
322775
162569
122557
87400
371166
469961
170185
179761
324641
22113
471564
259947
567330
113358
135451
15526
118172
171232
73498
48997
210792
503781
229198
139422
12394
3917
392357
252806
125351
301027
216161
232780
87812
319228
358028
176579
637362
226869
130212
325267
200510
74776
200309
273678
26678
216469
48415
49995
583905
238944
228627
145056
529565
184129
50134
153134
60668
167880
277128
179246
364053
94372
392969
248439
228043
215950
287433
368307
254343
243524
148917
70511
136616
23100
90776
75718
293067
107387
628921
252203
2504
222708
199670
124876
711741
82605
122403
293837
238165
859018
311781
124623
232940
330370
270510
220800
171986
231377
198231
177279
57105
89655
256293
229637
74207
6949
270930
219073
356418
727847
235762
279926
170647
250864
202398
414120
239699
27634
203526
222344
359075
127783
517414
550853
108055
246424
184038
184715
490256
258829
68342
529978
179829
277480
224960
23475
182109
287091
291006
189102
369001
183119
331692
100804
213074
26446
79778
169719
193875
208537
446982
121768
125001
186235
151659
133520
727599
320361
76888
112403
37039
281467
366266
329950
115398
158147
53560
196659
292146
137728
101434
271996
237086
352409
53883
121469
144168
207892
141483
146920
87865
395168
436827
422222
201515
175168
326580
69670
123184
225032
182312
235708
501871
216879
120391
55020
217502
545685
346854
206987
223583
305874
254360
237080
156705
133532
97096
945989
29063
2502
226000
197289
305416
190659
148525
50056
264279
381622
138051
662538
667130
151362
392885
139745
50133
480849
393989
188897
423925
29356
126345
118645
57624
150726
169759
606799
808777
494807
92831
346335
571277
245966
430788
434577
154275
39015
126715
291428
195721
190079
248643
226733
370164
98131
98336
308920
244114
236272
323110
6866
1013213
352921
181619
405666
297228
241313
298822
369413
181014
314224
233006
136900
282464
1329797
239396
611816
308480
94201
198902
209771
469630
97665
62455
322862
64919
542969
314735
110347
317789
221860
177432
187580
125583
149109
376538
43319
213882
382083
154839
140353
87392
209798
112926
324806
129392
161497
397056
324840
140299
87228
3799
134276
46941
128067
71781
744752
97563
259433
206431
97582
132602
36919
89061
231214
370414
410921
40024
198757
656424
18064
6185
237296
158167
287891
225482
628933
178227
230575
341185
73464
227400
61598
74477
137434
122112
173738
287522
103089
103026
285492
166407
164815
152819
410811
922445
113809
271093
208802
73061
333116
661305
269323
708784
93961
142733
135921
115223
125490
159102
92689
157109
115985
122443
110832
33937
81177
379446
204780
131867
55124
772915
217510
511001
57094
344508
169253
374198
133264
31577
200359
12986
84337
93248
219639
399503
130717
229295
70081
275234
172233
112922
247145
168504
303932
181712
119414
349884
238372
297981
32221
107755
707871
192025
425402
6704
134238
82637
227375
197011
83695
623015
767835
355335
172936
707520
424194
73562
191519
309421
277643
5316
92093
307934
406112
307689
254554
83923
264002
344925
318256
74359
442553
61636
48520
73496
546820
184643
242468
666595
225997
116563
240471
102644
583531
119082
243243
207352
150852
119066
199724
199625
316920
160903
66605
372234
316321
849691
221508
298277
111608
321963
46431
205164
681893
218367
8947
286991
318646
199857
279500
162103
416330
192801
555455
165654
592678
211666
845563
254913
195622
86577
266337
359705
281159
304194
59541
191100
50848
573601
286284
219329
10980
140424
301366
43051
106360
487370
321329
92671
100437
155431
189938
704541
101261
412657
439074
339531
70963
320184
176719
35313
129197
140865
125956
604332
670545
240722
244308
362318
136165
83363
179863
371619
195748
248398
37986
294081
31627
90454
415742
229039
54279
416679
253262
293459
202140
684880
38583
5093
795981
172763
265358
367329
130140
193998
311248
454303
149207
334734
560908
271177
407646
361524
120738
85969
409682
73982
106861
182481
101860
205475
308391
213093
13729
382431
372917
393325
195637
211263
148389
203326
257007
251504
118320
33150
110298
23696
108767
58229
118009
18786
521033
89638
138694
193285
436422
47927
320144
256563
550933
184636
608527
391522
181768
89132
193968
742648
228095
180908
156940
38846
719881
153691
190785
66690
374388
258625
428980
171953
118322
175076
530495
97795
236139
322951
162345
261550
166606
158081
144956
276158
483571
153024
616986
122171
167747
65176
112454
372581
184817
237182
316097
181749
395276
120991
222981
518520
58077
238813
223560
128757
359371
151562
375861
15482
530993
360291
199101
121824
308455
187551
374890
120970
406879
424705
560290
131177
564214
76582
530045
124569
283548
220953
283387
221812
232962
116017
251398
202274
100687
587084
245386
148963
264705
337906
96021
640203
86741
429421
322873
570821
425405
66005
119556
139691
43951
119077
189019
60602
631515
592104
122854
217293
106085
105192
96484
54186
262152
169374
366122
1088336
241654
309968
36164
35362
101322
136722
332643
279851
200648
37187
62462
379628
106757
286340
342645
291713
64847
100253
565950
12251
78761
283755
116210
283617
148797
621629
432468
556217
111395
59108
387326
125290
372828
160813
151566
102682
118708
44029
386219
109957
42120
34893
426761
151332
318495
287380
89628
43559
241669
256838
12637
105562
217780
199772
272644
389806
325841
380909
210659
187919
350323
165338
269780
143581
297288
468749
461440
526497
58908
90389
517013
121633
13016
193720
20942
196081
176972
206221
658602
313408
167234
33038
166212
162420
197086
519767
316333
94925
93892
396659
401656
258772
131737
406469
188045
91834
141708
147209
311718
191108
154800
58153
249224
96910
22046
274862
73232
109885
162424
229750
617374
204470
140880
425924
128541
48218
63121
13297
241167
311120
62523
96078
104357
133016
202677
584762
601455
39752
250793
278945
154654
109169
78906
282675
786451
466870
369366
168993
207167
106038
144588
1743899
110180
438221
294403
201975
662227
186299
323634
72965
373119
154901
72653
576715
927857
641492
64904
793437
218139
229212
473667
116326
394111
87462
151608
317482
321716
489444
93657
230727
200061
73122
101280
500373
333534
188164
76286
393730
133284
15288
314710
188590
200198
425316
229736
116450
198083
141077
56338
156061
126291
101283
336826
167925
115548
415515
188480
545198
125483
342092
94581
113671
14728
420775
219561
296288
534149
139417
31548
243474
68397
92261
107989
172192
287387
118971
184579
310639
89390
175819
236387
79530
288176
87481
98625
561235
225969
228879
188584
175206
131275
376033
29695
229258
396717
263027
205647
251274
15521
193852
320327
171854
180774
31319
18685
406786
45657
290451
289033
169579
213192
329149
53074
175969
30012
144184
90228
540959
178553
396367
94345
125529
197238
175265
158090
223956
7840
205200
542542
63486
83955
184892
326809
29732
248812
612283
60669
324699
153139
72506
181011
119503
232372
240779
139790
177134
267730
162827
294504
139809
284729
123309
680468
547783
165054
8856
170482
96521
130146
602368
183787
357986
212833
362303
59068
99742
164704
93074
498974
720547
83483
196972
138412
167519
272622
396992
219711
591781
180978
204521
130586
731947
760909
112643
214843
143016
180224
244540
260454
311353
299891
742716
9328
73290
103872
384849
182587
160229
472786
49439
37576
308735
407387
201383
127755
318785
458595
276312
72386
14513
478857
223804
216151
139452
142744
323495
150609
233758
211632
88227
373704
98126
263823
154354
293052
164203
270885
491650
124506
270201
40623
147713
156244
580744
133325
126907
210259
110881
262288
139854
159392
65907
542352
89575
457592
201172
127177
200982
103968
77409
406202
316862
368649
6847
138439
124364
253296
894410
199443
24072
246381
899
350030
274571
649887
20573
265660
20117
465240
657563
385224
276943
320312
1607
469543
306135
270672
158888
55376
247203
124361
361230
945582
204357
295443
58087
254291
438169
213147
202420
332806
54909
330867
118311
101551
83893
157060
373727
138462
219013
392181
239416
50691
198426
584998
224707
263289
186510
54905
189672
68782
28284
160935
543750
54486
706966
714816
109561
104361
255144
269343
370618
192502
655304
130659
453653
233149
440944
281831
355494
281974
210129
194618
645122
231700
29460
262479
109864
332917
487788
612645
404720
183330
363895
79943
125118
2546
12850
320391
403570
314643
223783
228758
45006
127437
38682
85322
266506
197657
75001
180437
114975
432413
162617
189248
175219
400962
276151
452933
378829
93140
182937
309188
110274
137429
363629
362125
25493
249637
296837
320077
80682
190476
92753
176906
182204
313152
120966
15044
267691
111312
643613
156473
279882
102025
639460
174681
390197
737240
124123
299090
223984
328669
256153
475624
698356
354064
762116
127973
241598
97304
586956
789215
23131
149271
229227
370005
354399
228987
347731
262626
326369
142750
55740
136055
135631
125644
5445
216445
250749
116385
642394
239279
179269
42651
106114
270598
222256
180273
213941
716878
118372
619911
65421
375854
68613
200153
163243
177105
236022
195614
670151
349876
41968
35790
49602
270106
548158
125384
310386
259689
401835
211377
129691
422802
233428
138953
259317
229229
193565
198793
133309
429636
256620
114219
249127
548920
184219
252573
224085
312458
235353
474093
79538
665761
2177
145601
332609
223684
179412
110626
73824
149229
263464
186658
437576
83651
320090
112090
339415
139141
131852
250372
295228
279095
104315
59372
115985
477220
395006
108411
1105503
229903
203407
106324
168492
387521
772139
83126
122132
210293
122738
535381
161704
781384
94060
562726
683204
50657
126632
129493
229215
258105
437946
539562
321541
518534
307219
425538
352002
164610
150170
788131
491916
203422
551343
151809
187327
8324
233705
212252
150025
91736
163690
742520
65235
201091
99565
237998
319926
337318
617016
139573
148753
273004
152854
104935
15593
260816
245528
194049
198189
510581
289356
174918
488715
245357
259626
309109
158957
709114
182801
275430
131569
365363
310276
86241
113764
300067
233691
214790
272501
291133
100390
731296
229989
310440
123577
513077
329125
398669
153829
124955
94005
113434
337513
173765
448088
431958
247419
404985
592994
143337
201855
493587
126184
474858
92506
34045
191807
54960
86631
170148
5707
194277
310388
134202
149529
113335
811056
598015
129400
175163
104865
99186
79943
458260
10037
601547
281153
236913
124704
141495
448506
45691
197277
203180
131924
115223
105727
99158
645673
191215
152824
228466
232961
230025
63008
159033
794
186899
350697
34422
55477
199544
228377
340116
471044
5483
133792
558707
84963
84083
444777
280995
196401
288438
81931
724041
224272
371133
195287
169044
142992
161934
149678
172341
286798
27134
265431
72223
283341
38673
727248
232130
40802
551389
263858
455477
84662
261634
371544
293429
164809
225972
314684
133576
178870
171859
201577
97098
129901
632556
314643
40843
110216
94048
132938
167825
244118
330325
273593
116256
68711
282691
226448
94672
436482
234335
480556
373911
229338
108415
356259
486099
389229
169513
198206
116761
602953
6527
317488
47622
389108
380374
923872
211173
196177
125579
273222
641628
112105
193667
103536
76171
340839
86549
898139
383402
721592
198699
137720
123127
453628
321773
314394
56732
213400
249774
152843
173111
478018
111160
49377
64499
136097
233689
157172
250191
13568
133168
67519
271780
156673
81150
201927
96631
170813
219899
553734
57015
634631
241135
236214
611808
492311
78707
335686
545961
314911
628597
97940
697541
180915
162902
475837
473364
119244
82526
230838
175090
187960
867852
125113
10332
247842
830646
353127
605878
158234
452981
731526
478025
256916
204453
90560
156145
210949
54649
51745
988682
536584
30698
522547
610183
262921
314775
212422
234652
175536
421773
493668
49440
210628
145409
316177
267312
183193
179332
405602
339332
132927
171369
320399
208047
65076
259395
583400
296220
241970
171108
225945
233412
398867
48230
114423
216384
120128
338514
324657
58662
165985
186164
239570
218805
378540
191531
104464
175355
475382
296105
276265
309452
187521
400691
476850
212985
189427
300840
128990
168959
41559
171364
218185
269902
461463
117724
139652
44427
209011
112642
345715
171292
5215
316688
94294
324250
163164
209012
181536
69055
75346
148174
317371
23888
388023
222051
520904
238584
276209
120110
390205
174571
208890
342860
167567
366955
341629
589183
590668
162650
272607
262092
217680
234830
395706
218828
198536
179530
149478
222908
396829
164308
43746
249389
94257
297193
194441
232049
201754
313075
134934
646594
273816
144043
102424
417170
244991
386345
459151
65831
566362
140011
108088
564990
69826
190714
333155
222397
170352
427064
160552
161983
222496
10915
297560
204957
84163
67293
133218
92314
2725
63797
216333
180172
800619
351753
183890
614284
295695
101646
71473
314112
88925
319812
119329
267144
191559
31666
167359
191216
351903
330930
165383
4207
871949
180459
164875
454667
574003
149705
210857
305583
661759
278974
841442
248446
384369
67528
406692
174112
233379
280670
263452
210258
445240
343209
94108
151980
184403
280313
832704
62770
411055
80249
87584
964972
160315
135735
267697
147693
327850
445004
110387
153481
232982
65801
123978
27735
236223
613110
368617
474287
357266
38012
84102
334948
335117
771613
832560
178209
194457
110124
177661
135267
168674
199355
194124
89981
247952
166064
137501
240759
52486
53348
374547
566415
578909
452171
616873
294015
340797
436833
234886
33432
249353
270948
27851
420508
241336
87228
139927
200114
251224
153317
372459
127868
242563
64534
152006
430291
363787
225981
73166
288534
458504
63717
441294
157439
95709
230465
236876
430789
213382
126303
261491
254314
475930
254777
144635
203410
208130
219762
121143
101167
83585
127741
452638
173802
452424
275336
153009
250254
146663
780885
199902
190372
214918
21969
184821
196081
136804
184063
281438
146900
358726
73267
35708
51905
292507
120404
234828
840416
376347
336942
149209
344355
295683
188946
143381
594502
201377
146995
78889
445037
50986
232610
94506
215628
227221
101318
527980
524119
555346
260003
286016
598270
264087
165769
143148
125724
353458
81288
639551
193138
310534
185518
140423
251002
292126
265677
188671
262587
320703
127216
218327
99277
323529
98866
46532
331412
224626
237557
161016
525266
449822
215262
120409
358696
127543
83183
590889
138575
151551
268327
88629
98284
286838
226284
15531
38287
111154
814801
221634
168260
330996
437290
131264
109001
339757
66082
139062
133528
154670
135073
227758
174754
101784
786829
185934
115639
453604
86272
322933
111139
6502
978911
6677
312286
153713
260255
563074
233539
311433
563275
366813
589259
110519
60950
386816
33706
131538
170791
165336
201383
21389
118855
639351
77573
251626
149792
43020
634466
89427
317475
611579
156109
293860
297866
152935
199377
205960
53999
301809
204175
394944
96928
421547
174895
325873
110415
336799
388710
6427
169188
121918
11575
427301
279376
42930
588780
959292
159344
384249
565902
340516
253079
1341154
146500
175534
199525
430588
339234
729612
410457
90662
150037
14798
679700
386824
162096
161573
418352
78263
302946
219304
215306
60085
157393
257679
125807
201148
199971
231402
463235
48456
82259
653552
204926
247164
366537
208189
90780
282598
115570
188762
700625
274866
791134
445278
376452
289145
121010
323492
194527
294095
332515
29297
333200
495385
197645
352649
207901
476670
208792
358426
213200
340613
148181
61572
199006
90294
184864
237201
332606
252818
262876
49248
204917
47324
620987
166614
81725
105857
329912
641974
285246
394977
372848
95984
183128
262921
113728
120990
97662
135600
254309
539749
200061
104940
146768
563850
120739
252006
358347
197711
324455
291381
618472
32517
4980
391418
249322
116052
287896
188378
172100
230440
13930
65538
150991
213556
169715
134956
154617
465300
170410
50124
105519
230049
663133
308074
127051
125235
219663
422443
53576
134427
164827
642062
120267
70311
189742
316460
314704
318272
451325
126437
116445
123704
497579
29343
252751
24178
82335
320991
172571
171621
101844
307375
389234
356112
119457
199429
272711
705416
366102
296481
111158
456782
85681
188305
215541
87080
345242
928226
356617
432468
316099
236629
15893
249175
205226
242182
7421
256874
456604
204913
247086
43546
121353
308259
209818
164299
201203
374007
302129
175923
120301
95145
302225
265095
127564
34707
20949
210699
51237
225422
149737
716124
690337
149424
176504
156162
293989
618710
88319
453766
245169
107231
79009
33880
391322
169633
201028
299242
14363
271466
54329
196306
236919
222145
17475
323310
295054
180425
515639
193622
235076
693613
221891
402597
279547
14989
188529
638809
122416
56825
197451
232721
215379
246149
255686
452962
92105
196051
132590
943753
113022
278017
209749
300109
289560
120580
240532
637469
44671
614000
288624
301956
108593
264871
328787
519462
174180
632768
127647
305305
216014
83970
164957
736229
513693
146990
143076
421546
120004
551141
339792
370321
13183
4276
92833
129473
223929
56672
244553
133143
663631
520323
75448
354148
591221
43719
246965
354833
631510
286459
125289
207938
209771
118956
152953
333871
3516
166781
330161
193425
23735
395526
161704
303235
524864
378655
827406
166933
726774
246503
348997
289807
266555
111843
132189
68727
436519
171576
527715
55181
237796
143222
233439
277639
325856
121210
204739
299149
371744
302113
425857
217355
826841
492720
765211
249483
38580
423129
461473
721071
564321
88711
118676
122392
51244
199215
109578
188082
496897
375671
283778
710046
450866
222300
408877
155208
190715
530510
861725
291593
41162
139631
46491
29194
109822
480725
260980
612603
84187
252038
335841
53359
414794
50204
264729
110554
164100
411625
327390
432211
295998
118495
269066
243443
122348
81567
343925
255357
203216
216520
351564
30407
448620
420290
113532
388056
316956
635907
79702
187622
159820
455818
303752
23424
17690
270727
445592
111755
167129
438394
241148
663136
458910
275544
306099
350323
415398
166378
397390
293436
177340
165855
224440
99868
257885
268982
69570
308506
187037
557200
119897
185046
217004
300295
219296
473965
229158
212091
91242
25085
411436
744863
173099
184329
785548
148490
496925
113585
391885
199640
281054
431676
1387
202692
32696
164380
371789
474621
358253
126926
169836
292504
170424
240361
389082
275030
31229
388664
413675
213348
284628
802624
321627
401133
435197
1024927
110951
360454
605202
156363
140345
366483
305119
226887
298835
62482
141110
287882
123299
282249
224959
257756
197563
110014
309334
446909
199284
130021
117896
192155
