0
13499
43711
18516
17970
32110
20880
22300
13055
25594
91643
19333
30630
76738
29946
35513
50510
20487
206531
104828
49418
27862
78502
64986
27116
12226
56277
28114
146398
12039
197835
105377
127230
68303
224559
90941
65092
70648
32444
80516
69969
68000
172614
72364
57604
65552
137439
42387
75009
66459
160746
61554
109871
104172
92100
139166
99015
139427
284702
134690
73194
98800
98506
50246
108033
46158
150541
311802
154125
76440
113028
280824
98212
65304
93828
128980
37432
137038
77184
220
77870
205748
89641
98621
71781
301199
93668
101482
83479
183918
70343
97411
141743
50009
195395
220432
131702
246302
91540
104955
87474
114184
189642
94432
167359
153412
246394
38005
160299
148196
116555
238070
101597
133353
111146
127862
87603
99541
122810
87317
67503
174189
149790
159769
135097
75262
298511
299409
192145
199152
477048
214491
168650
221378
200208
372116
110418
218263
120292
267703
204660
112696
124391
228198
128560
194865
166012
248385
75831
100620
285411
194768
199610
291571
307315
74929
188425
267238
78870
274621
223868
177789
424919
275373
187592
152663
161172
250672
174077
202282
346365
214146
293180
180628
174663
333359
605555
263461
170850
299516
196933
248206
157759
229706
122137
297282
361003
313373
225325
130662
163406
340967
194970
225977
290364
223640
272214
327880
302217
298709
244345
404491
226817
125034
418646
298829
153108
294356
127375
298563
425742
258827
220398
183173
441157
209590
325112
436326
309707
215736
308246
314766
318160
331489
345108
250441
196573
615678
900862
353737
642477
347293
400029
189518
269324
246802
437548
446179
253481
418792
370095
225072
259726
276749
344424
336145
340775
301888
584783
303334
318370
461731
562458
281983
337195
387431
200388
377809
324637
389430
391597
605066
237232
469954
248456
257913
336956
417893
425648
639271
301145
462036
340392
385123
290404
428896
214511
392854
285162
457187
542594
471268
477346
412575
355559
261820
357814
249836
629748
373769
335631
523713
377972
209640
375340
448221
754492
352074
451679
512834
515058
446599
219930
446182
422494
509969
496594
383114
506948
425270
403259
696495
425115
782406
230873
327044
648762
469207
541311
363942
457072
718381
473038
701893
231935
516487
346864
660221
584128
668285
445689
372462
348126
497931
490645
723746
358518
774657
686083
405046
335484
464819
443756
725706
345719
569760
501389
337919
436064
554613
555213
493291
487681
494222
649499
494756
586390
626444
449325
418070
628520
591876
476992
320637
405650
757119
312075
470756
660662
867889
562173
521802
562634
288659
377881
799271
625879
749837
683576
545594
521549
561045
584989
783937
649233
748322
451898
466844
438556
594217
970756
690239
726362
982356
787736
446191
512108
468276
610723
681542
676450
819561
655349
527597
521783
654685
1179951
633715
379224
854031
607640
650631
1207966
414590
691764
487957
678850
681457
717852
511844
735383
929049
535936
963652
625025
639465
562118
831804
468460
640828
739896
971815
1168297
557434
877212
605964
701395
620460
729043
749340
446616
627798
456973
566399
562008
629675
670991
828732
666611
550990
861335
540929
849591
505406
655638
421194
749222
561438
755585
590511
723710
580126
608684
845733
680716
624745
508298
765713
607453
598364
700686
1222173
560280
739341
583934
447140
821433
925999
1004383
1013611
661994
750240
663192
813824
861800
1040750
709397
695816
780795
488810
912384
684659
650525
688467
561501
679249
418451
876852
627372
672384
1135410
436620
863544
760149
722951
1661939
527640
647692
949928
710197
554550
986280
647559
923611
824079
853170
680136
646457
937706
699715
712096
860068
732933
758235
909780
792693
1316753
1011118
958760
699577
959174
730339
847715
1044890
1114259
938104
1225000
591049
689117
1048600
1034547
887058
1089204
753580
776036
774117
1047069
1009397
826413
573688
816190
763477
871936
705496
824046
1180851
704404
588772
619606
1031761
869125
901907
918006
1338170
784594
765911
892314
1376036
1093045
1071596
1037882
943549
786227
672798
1019907
664707
1368407
903267
1052789
835318
497375
923564
1206625
785068
810603
1067526
782704
1254074
684532
1780904
769522
886732
775087
1033783
1123571
853379
1041096
843620
1183591
695839
712119
1143584
965408
1383166
1054634
972819
1089764
932117
973592
1132270
1382087
1473844
851835
1257899
758930
1134035
1083698
938814
1375033
917142
1647307
753093
1210591
1037828
777763
1297958
1264456
1130666
1039956
905223
669419
1031975
932524
1335383
944255
1067965
626931
1009510
1222850
1101433
1117195
1073598
1538549
1457665
777111
906922
1087214
1032894
1242612
1248193
1628060
1451561
1103126
996981
826310
1158887
1098671
1172140
1797457
1440492
1001067
915002
822518
992385
989572
1274800
1286643
932012
1206911
1423907
1175726
1267941
952285
1150391
900589
1005879
891104
1959996
1171774
1289433
791016
1277413
1109992
1695023
855879
1199688
912536
1680389
988206
754696
1266043
1854728
1527417
1456247
1250287
1062810
919186
1138510
1311637
1576620
1119731
1982450
788020
1606684
1016256
986004
1647259
778631
1329400
1234724
1385475
969067
1359616
1241811
1640975
982871
1407713
1066231
1702825
1319878
901740
1744880
1558837
1413936
976298
1278696
1084381
1516171
1669296
1350723
989252
1389701
1666736
1158475
1032028
1595973
1577926
1384411
1641266
1237210
1596045
1670378
1359960
1731034
1172561
1085274
1103999
954192
1359280
1358552
1386013
1420847
1291620
1281420
1099324
1132793
1456120
973453
1700326
1178472
1753918
1488703
1060369
1103691
1039925
1446892
1094965
1663491
1524187
2104703
1400681
1116753
1377235
1941744
1601566
1576330
1923519
1638393
1357341
1454639
1404653
1385718
1555384
1267936
956911
1445953
1088548
1675196
1596056
1453847
1169797
1037029
1828807
1307511
1702238
1514931
1144819
1719029
803782
1079840
1330983
2099845
1577795
1256785
1511028
1164553
1609283
1621501
1565419
1388968
1117302
1735977
1935356
1498218
1570965
1342408
1777829
1324459
1425940
1543119
1342235
1491210
1419897
1756406
1436557
2000240
1820346
1384642
1725033
1296033
1657197
1875414
2344101
1902105
1851957
1561255
1642657
1574615
1734968
1874265
1985596
1920433
1626254
1013283
1014548
1200513
1594057
1647967
2080144
1324929
1547631
1733636
1420052
1549332
1429896
1325824
1432320
1213745
1816498
1703696
1982110
2115283
1471871
1293988
2012682
1671378
1333256
1415224
2241876
1541350
1912963
1314038
1720820
2365092
1503103
1685689
1665604
1749363
1349966
1511765
2543196
1478108
1761125
1802769
1317979
1044785
1229926
1233838
1456295
1433994
1538647
1499134
1615729
1922962
1470164
1052503
1467232
1649821
1375546
2104544
1752992
1463214
1153059
1603846
1552984
2016009
1522915
1699135
1874067
1427026
2912479
1409156
1492703
1860165
2157410
1457581
1814819
1440718
1501663
1975042
1725601
1519486
1731279
1897033
1616935
1622399
1584925
1931159
1911772
2096601
1899288
1860748
1365746
1835955
1669272
1892830
1849469
1516189
1260661
1979024
1761955
1826368
1422588
1639325
2072276
1741302
2002837
1553164
1561644
2058085
1028088
1946510
1381142
1559443
1409825
1965847
2133451
1802037
1872468
2034492
1483065
1742315
1864929
1542832
1620550
1327373
1963830
2024864
2017351
1738473
1250997
1603974
1590868
1377668
1523163
1649195
1534709
2460181
2284916
1145645
1038533
1740032
1791185
1507127
1868472
1878552
2105300
1747690
1398539
2000185
1801071
2387301
1826811
1442486
2146028
1883237
2051980
1441578
2179811
1736011
