0
125
188
94
128
206
138
3758
25293
158
118
295
139
164
128
139
112
150
100
127
120
99
285
114
228
121
98
142
123
5614
180
174
123
91
136
92
124
93
141
111
2737
113
141
144
100
336710
118
116
124
113
210
138
139
14159
116
193
174
5836
3498
107
194
142
122
123
136
23206
118
10147
105
111
112
115
105
141
5051
205
92
170
91
137
137
160
16919
116
127
105
143
41345
93
375
117
167
109
142
115
13336
192
176
114
19129
140
1646
129
115
1805
148
313
133
137
128
114
161
10409
117
7542
6500
158
132
1801
1929
132
130
138
196
125
147
177
168
133
121
143
112
126
258
115
42431
106
89
335
105
139
123
127
20851
102
129
129
168
1832
123
25677
133
134
65179
166
106
190
4512
115
143
161
29368
113
38800
130
130
116
116
107
111
178
188
144
178
184
46998
1346
113
1531
113
38286
140
127
108
138
872
105
149
98
122
428
143
283
14931
105
133
112
114
144
151
104
132
112
100
69520
1543
178
190
126
213
282
97
134
140
122
103
6483
14638
124
2185
20636
105
160
15716
165
156
108
351
180
135
37950
113
169
312
177
9635
117
92
107
107
94
114
180
4418
99
92
168
128
140
16293
5044
107
425
145
51023
373
126
129
127
112
1557
92
106
641
136
179
89
105
96
130
164
134
167
150
193
236
2126
115
106
4936
153
155
170
109
14472
350
115
141
136
162
111
305
112
303
145
123
10681
98
158
132
26246
7060
129
104
1168
140
368
283
106
164
123
3738
14349
110
110
282
127
165
146
106
94
138
125
134
139
326
141
125
503
1273
182
137
138
139
675
160
174
114
887
104
423
146
127
310
900
1137
107
111
1371
77503
139
101
138
120
124
36271
123
124
166
153
132
122
141
209
108
6918
11447
130
151
110
13788
123
183
145
176
218
105
2164
931
141
10601
119
153
136
135648
150
256
723
115
1602
1932
125
99
108
172
134
138
128
6824
115
147
115
144
105
234
99
163
315
102
57482
113
117
100
25730
13114
7573
17146
125
123
196
9494
17486
148
90832
135
955
2224
110
122
228
195
3287
3582
140
42377
7228
144
13421
676
196
125
143
174
147
106
1829
1247
146
6295
115
236
126
9668
147
110
106
168
126
119
27056
1508
103
600
188
143
135
107
91
182
130
124
469
260
126
124
37192
222
256
139
25625
117
112
871
35884
117
3832
126
169
122
443
151
209
108
151
136
93
3089
133
394
453
2619
154
99
1660
48419
196
122
101
119
17726
124
101
96
222
110
47407
107
89
911
114
95
126
800
142
133
125
113
23665
10843
96
208
138
122
564
151
79
207
130
1171
34934
95
191
120
113
139
101
20973
166
263
148
119
137
84377
136
204
503
106
105
84074
165
240
129
144
110
159
1261
494
144
162
105
117
133
10277
194
120
428
49633
179
18995
236
37239
199
147
2118
27602
127
122
180
126
199
103
134
907
137
31352
271
138
128
130
110
112
34416
137
143
141
145
115
53299
27598
198
143
121
126
5930
138
118
50336
170576
137
8643
98
11330
29922
118
5471
99
143
152
163
144
103
122
2100
2149
5057
120
109
3304
112
158
32700
145
117
150
143
144
84912
172
24740
71
1389
131
170
105
133
127
53611
135
6265
105
142
126
120
126
126
142472
533
148
132
16619
105
162
104
341
137
138
381
467
181
131
2519
2692
132
34753
120
3054
114
3193
144
219
6980
104
119
649
147
217
3633
120
161
104
208
102
106
129
115
118
150564
178
140
9356
336
124
97
115
203
127
128
130
176
38704
117
1524
141
3756
162
112
105
148
123
697
4329
23875
118
116
117
972
120
69680
993
174
1834
202
120
152
123
21264
109
85
164
161
137
47778
1716
205
127
114
27162
137
109
498754
52247
5780
691
127
101
159
173
61147
14849
52355
132
101
127
90
148
1083
122
105
119
151
142
176
14210
128
176
112
122
183
203909
162
262
251
233
278
89416
178
124
99
1919
122
136
196
110
134
38644
153
128
276
97
112
115
2200
126
12848
32505
146
104
126
130
147
91
206
167
147
147
4754
4202
8958
626002
117
101
776
119
58041
125
136
139
374
268
113
1221
144
827
818
125
132
113
108
108
18219
2024
146
107
114
481
100
159
148
118
97
24911
130
14956
135
148
111
119
156
103
118
1585
137
159
174
1273
137
114
103
34926
172
81887
8964
57126
272
93
139
606
131
132
115
148
94
434
157
272
393
144
115
209
32062
123
259
1854
1248
130
117
429
162
111
245
238
331
4387
152
124
108
148
266
92
120
65762
124
116
170
87
81
152
221
107
175
177
154
117
125
144
2781
115
105
117
18872
133
221
105
146
116
438
162
1858
154
726606
131
6366
10507
197
134
140
154
157
145
111
17528
175
3313
119
125
115
213675
936
161
115
143
107
106
113
108
96671
121
108
122
2014
4187
95765
587
139
140
148
136
112
5551
119
49871
128
284
26319
29243
111
4041
16411
120
123
165
120936
110
116
135
2689
163
328
53787
120
122
133
75789
218
242
114
174
101
154
22603
330840
124
195
365
167
171
45598
132
123
153
429
176
87
147
152
153
139
125
120
118
2229
102
15388
6424
143
197
153
100
154
136
115
192
15879
197
131
1403
2174
121
120
177
141
146
142
12135
127
95
2384
5818
133
5793
113
175
340
122
196
49465
118
88
124
133
319
130
116
124
137
130
39732
121
145
4099
124
169
157
125
311
136
125
238
131
78062
3112
542
9187
143
160
10388
12123
1351
141
231
183
401
121
24451
128
491
102
103
175
2103
128
4070
5869
148
343
5973
120
129
31108
88
123
124
142
26881
129
136
108
121
122
48984
95
161
38297
1272
648
1801
211
53577
290
26869
211
175
25978
202
115
106
133
132
7668
120
125036
4962
154
131
130
260
17283
116
112
3166
109
217
174
13189
6450
154
4566
97
168
11142
7420
128
10356
129
759
107
179
101
8474
109
151
104
12895
1174
133
155
122
147
2948
24502
153
365
159
161
206
148
88
150
5547
113
129
4622
116
253
51456
136
159
174
132
3111
135
122
146
112
140
84062
143
700
127
5156
3455
738
147
109
115
154
148
140
132
108
125
104
192
849
663
236
129
2936
118
172
104
91211
154
1394
1167
202
201
117
206
99
609
125
252
100
105
34593
1415
10699
5047
135
369655
23242
132
179
154
116
231
131
128
163
13278
187
127
165
301
154
111
112
163
137
17570
28965
123
113
631
100449
135
141
147
119
126
118
1150
4818
55802
138
63475
111
135
180
151
172
127
6658
121
125
2763
1918
3774
416
122
272
169
94
629
140217
100
1890
113
192
940
1734
1227
6055
114
144
131
110
73657
1822
1120
145
10102
95
130
110
165
266741
128
187
203
106
212
651
129
146
1923
116
160
150
813
192
187
141
135
133
400
139
107
917
135
121
1143
126
391
1899
481
30647
213
118
129
12435
134
108
3217
181
164
12571
71249
11573
163
147
144
155
125
109
128
477666
189
143
893
180
559408
131
149
166
125
160
169
134
141
171
138
115
400915
141895
103
458
59950
144
116
242
177
160
142
123
191
1375
680
175
163
36731
116
162
125
182
20749
3536
139
380
96
133
95
141
11662
152
1326
118
191
141
109
126
258
139
125
164
4815
10431
132
136
105
882
210
145
111
118
117
178
151
128
119
102633
218
119
202
111
129
153
133
48967
164
96
216
149
85
163
5555
468918
187
149
437
24971
1895
185
460
8150
147
636
113
4890
106
125
132
131
22068
168
203
34672
70105
149
155
227
288
90
124
490
269
140
170
51338
158
185
110
2350
128
170
52435
101615
172
32387
222
149
2237
101
105
634
108
121
178
31883
300
646
112
35368
6433
123
20234
12135
332
122
114
128107
141
203
146
102
143
5095
229
134
690
116
2145
153
126
127692
171
13258
3735
1888
136
419
4355
123
102
139
246846
129
96
20824
52754
171
140
123
165
1486
633
423
134
315581
136
180
139
153
122
155
184
77
29891
107
118
4757
16791
347
125
1980
106
448267
202
1760
127
196
163
281
41547
494
1146
650
891
191701
185
46886
106
103
159
208
100
1916
23284
118
136
125
129
103
135
1640
176
146
113
112
106
127
124
110
127
147
18487
17508
155
193
43196
134
119
122
155
152
184
28202
129
111
135
149
278
182
137
601015
228
103
323
1282
130
164
138
113
108
119
119
42623
135
22420
3334
404
152
117
328
111
777
23372
16621
224
111
130
255
111
115
134
131
206
393
179
184
154
131
648
123
62535
1964
8138
148
139
114
165
169
82420
3198
133
119
660
151
101214
145
173
140
726
24028
17835
109
162
6979
1372
159
65625
134
3843
6697
136
106
1578
165
1622
133
126
129
111
424315
12895
141
481
142
167
9206
132
147
8999
116
150
40735
173
154
271
222
117
475
155
96
13580
127
134
141
9408
142
28503
136
124
24480
2676
126
5129
19040
614
745
98
492
180
103
714
146
249
190
109
131
11194
130
10214
139
118
125
201
122
90
4472
179
810
2782
227
137
133
89330
124
29738
110
723
101153
144
216
117
149
419
30509
91
42891
139
200
9527
340
1104
128
170
984
5285
157
10270
182
121
444531
1152
124
144
220
99
828
142
121
122
579
1605
1117
909184
148
185
118
116
38338
464
155
94
134
179
205
196
136
128
169
159
106
171
133
118
165
447
125
111
32640
99
16561
145
1815
756
121
86357
106
280374
171
135
2915
10994
86
212
20744
95
24940
175
183
130
208
4315
128
73600
9319
296
289854
113
129
366538
113
190
89
98
133
138
183
119008
2812
78436
4224
23684
15287
21397
23602
38111
95
381
564
137
121
4452
122
8014
140
27176
3003
127
2490
74691
19769
1374
128
221
142
15323
31102
164
159
109
613
123
122
132
681
4425
114
318
138
123
95
123
115
109
172
150
10847
454
122
2133
28325
152
243
2124
137
872
169
151
3008
144
24767
113
144
57851
138
156
194
1879
148
136
124
191
113
190
41221
227
1177
1507
708
1815
152
123
116
107
102
131
99
375
515
122
18625
89724
129
137
124
103
165749
1301
152
16338
354
111
135
113
107
195
119
261
133
90
132
2632
27894
145
251
151
7021
158
125
101
19106
149
2494
781
149
138
116
183
95
116
133
285
155
181
137
141
131
145
148
529
19925
156
115
165
144
120
36166
147
123
184
146
53014
12661
156
841
173
102
124
28476
940
597
547
172
169
98
155
121
233
134
1998
40987
55235
8050
190
125
4876
293
96264
10501
275
329
149
178
2122
5846
2752
116
137
112
140
334
181
145
167
214
110
15422
153
795
1675
312
153
640
149
123
202
141
135
697
118
213
671
688
167
13898
140055
198
314
1388
145
103
927
126
105
124
40049
4077
118
129
4222
37391
160
311
168
112
141
30982
1536
251
196
132
752
138
133
1783
137
122
23225
168
45375
159
155
15658
136
134
97
36922
107
123
6474
1825
104
478
137
381
116
25317
144
625
201
138
100025
117
230
345
161
139
11816
179
172
22337
1709
1520
138
1255
111
8512
2623
12391
188
132
140
155
90
162
674
135
121
113
152
183
122
160
618
137
128
737
196
421
117
1496
114
47698
105
139
100
123
19388
118
112
876
115
167
140
131
5468
119
707
125
134
114
121
131
190
310
114
1982
136
161
11065
425
113
614
142
64261
158
105
149
112
166
173
156
119
202
612
333
446
9835
891
214
2292
89970
2734
150
429
132
136
750
362
169
14452
177
94
165
6293
405057
999
62748
118
10806
519302
967
155
141
141
162
220
145
3785
44080
7317
94
139
95
146
75468
281
113
104
115
1737
10933
110366
1043
26335
128
128
294
17272
2718
132
104
26728
4422
645
165
28498
155
26999
175
188
5333
7782
184
197
114
175
400817
755
264
7173
141
216
7746
134
132
81571
138
197
122
246
408
2927
14268
17015
121
153
1416
137
16387
126
110
7478
132
177
161
125
185
975
140
101
144
1774
121
144
105
7231
111
183
388
118
125
205
100
665
6878
130
145
116
1403
8170
194
135
5617
562
132
195
132
691
147
824
140
123
289
149
179
121
364
149
4151
175
108
140
14956
213
219
6845
161
171
1805
196
155
118
142
228
130
197
8088
400
131
118
5295
168
153
20355
113
398
10351
174
1886
190
1498
11345
2477
193
62227
106
122
171
706
159
126
109
173
191
119
230
4076
162
5223
231
220
9675
172
156
13816
7429
149
2522
6276
2559
149722
79275
138
128
131
171
118
193
20322
115
1653
264
6009
146
2252
110
37218
129
101
172
3996
21402
1694
133
157
138
124
5121
184
51780
23703
114
155
39594
773
227
133
330
25125
147
28825
17091
115
250
133
125
140
574
133
147
414463
121
1550
1078
172
1397
466914
273
142
134
116
974
136
3644
2265
212
2089
448
135
151
656
1470
918
34064
133
898
12538
113
365
117
134
151
120
147
1055
152
1529
134
146
123
959
323
395
173
76450
521
893
186
182
133
125
1485
226
560
30527
47401
127
144
230
271
297
1489
158
150
2306
136
11712
1660
182
118
413
124
8889
982
150
9708
9884
129
146
152
143
27525
17377
166
158
62238
124
109
106
189
102
124
699
209
121
112
144
120
165
268
236
10957
135
149
8798
165
612
249
721
144
1279
137
4039
134
141
399
36769
8063
120
148
3566
182
137
59400
186
2790
137
135
164
136
18979
126
1570
121
16851
132
14420
147
97
866
1824
175
179
134
2110
158
911
4999
130
953
24023
752
175
186
13107
126
121
903
114
967
91
3925
100
7212
118
118
150
250
592
1460
137
28839
131
152
157
192
143
4278
4155
23786
125
2373
187
177
133
139
158
197
705
130
111
34658
85379
110
171
200
118879
6248
792
1446
127
134
30905
595
3119
300
154
122
10255
75014
17899
407
25426
54247
431
130
278
1186
139
154
4480
504
12384
135
165
161
581
217
150
182
146
20880
154
139
136
169
8138
1076
31713
62092
4719
506
138
123
357
138
182
121
246
31897
143
191
174
9773
124
391
202
3930
149
501
170
116
171
143
353911
1576
14686
4225
132
110
139
114
148
141
39125
150
158
153
1878
126
113
126
180
93441
1425
154
50956
105
8882
149
1459
158
168
252
131
66068
123
135
162
192
308
546
127
14563
641
232
68332
16520
3189
177
137
131
2669
357
130
1062
6640
139
192
165
183
276
173
184
133
3227
1892
373
311
99
26194
85419
840
28045
1308
119
9211
140
217
165
207
174
5308
163
122
8640
129
136
168
1172
150
140
190
129
351
2235
222
202
135
111
130
146
191
2383
194
191
145
64769
29493
112
807
119
25448
1541
30283
253
191
188
157
2660
176
196
21371
156
156
151
119
113
164
386
3735
150
163
182
450
111
459
7134
174
365
1623
8025
187
525
18564
188
3299
123
9988
139
147
135
1401
44872
156
13409
139
180
148
78732
268
24377
624
107
124
4343
137
223
108
245
161210
204
141
198
154
183
148
118
125
2076
20106
132
2825
305
105
142
142
166
695
142
137
14891
1068
117
115
119
1002
16713
2131
21652
11968
119
628
1073
114
8445
176
10573
131
982
145
72544
133
114
163
183
284
147
121
9915
28308
144
134
151
141
158
3280
176
114
397
232
386
183
207
147
709
28041
137
592
776
114644
139
130
7694
703521
66565
179
110
167
148
1598
72167
123
26980
179
162
141
124
97656
7800
130
334
138
277
134
168
7289
143
143
233
4888
9451
161
107
145
450
218
216
136
533
87892
174
127
76341
156
423
206
572
137
210
163
271
425
4018
1179
7765
480
133
58985
162
6186
171
106
41226
119
164
17022
386177
43872
1954
280
70650
162
228
249
126
187
385
160
314
759
43817
1351
124
234
1484
115
484
30448
169
163
140
2637
142
122
121708
5185
208
138
148
122
160
135
219
118
106
172
7798
207
166
136
152
138
82742
5629
45847
210
309
69806
318
3153
1008
4390
156
1073
6129
133
152
10732
2958
152
168
12672
198
218
125
105
287
116
999
156
414
124
123
200
718
199
2254
222
229
415
141
11901
285
3918
187
1220
190
116
109
79412
42869
163
34856
294
131
166
318
126
57717
15582
359762
151
316
13090
2161
124
142
162
654
3065
27522
91772
1008
5896
856
92347
1520
156
10532
60586
129
23920
662
173624
148
152
164
16254
114
156
701
209
441
54364
120
122
462
21545
271
143
96
2017
32096
1001289
3496
1675
170
433
527
132
4232
3817
324318
13057
201
113
31463
8830
272
45118
11454
120
153
157
161
5922
103
155
114
208
197
1411
145
16897
134
373
115
13655
512
15202
4074
5497
22210
715
49911
392
169
6392
38760
161
130
94
457
113
2416
199
136
14843
2087
135
163
331049
482
103
550
418
136
108
1003
845
1821
18711
161
139
10118
143
137
39483
206
704762
115
248
573
2547
161
6536
101
1808
63155
140
136
152
209
197
20841
70492
4228
633243
125
8200
120
125
505
167
2840
6205
150
167
37930
312
15769
772
103
3728
20252
139
147
1109
168
180
4760
124
724
137
108
1364
189
108
15962
109
178
150
301
1280
139
1055
110
1295
19882
134
173
220
138
165
146
114
2706
197
194
128261
481
166
133
165
137
119
23306
196
78
138
162
1992
209
135
204
555
168
4784
578
212
578
153
154
163
972
208
572
140
167
535309
19046
333
133
121
103
157
122
155
160
31875
141
342
158
167
72900
460
511
110
148
898
2488
327
3553
181
144
681
149
74549
579
114
153
467
129
5927
291
136
18724
6542
69086
2985
401
51844
27506
137
161
1845
5201
594
178
207
2076
94
73643
3151
130
668671
145
111
147
9235
162
761
155
176
135
3230
5816
114
141
110
180
163
120
148
161
146
156
152
125
190
129
166
203
220
129527
186
184
147
1691
272971
730
612
6346
174
112
156
237
126
130
123
153
540016
331
115
185
119
107
226
293
140
307
201
174153
134
187
1009
3071
125
137
14109
145
199
24174
130
6111
190
7715
221
183
595
116
275
176
1697
167
188
770
1518
10786
525
2458
13750
152
680
1047
160
8997
215
142
77843
417
133
64346
511
14572
1553
146
131
141
147
207
839
1929
110
99
133
141
112
174
3135
900
211
144
2030
221
1428
178384
446
159
132
152
129
58053
1327
5927
166
23437
323
152
147
146
204
490905
200
28513
148
114
41750
56670
138
152
1563
395
204
2091
193
140
63788
1386
202
99
101
118
905
64757
131
81715
72939
45031
175
155
132
55346
1706
123
269
155
33081
1314
248
166
307
194
142
1560
10279
132
464
122
428
33974
103
21201
1733
123
127
272
223
109
331
151
135
15084
112
187
6066
57391
383
3806
54232
165
125
134
5804
1273
99
188
103
3084
163
193
147
474
899
232
152
462
68809
144
7221
166
263
1663
149
188
470
177
189
20033
831
16535
10669
5499
1021
108
171
230
158
113
165
165
193
110
111
487
34523
119
957
3444
64689
2692
540
113
151
94891
330
108
172
160
203
2556
10395
148
750
1131
240
144
47465
451
170
655
149
202
146
34088
149
1489
665
298
181
132
111
130
133
4011
117
2343
82270
472
9904
2355
147
124
992
121
94
8616
737
107968
7517
784
118
615
98
130
26432
32550
96
18865
304
198
517
122
488
13343
104
1360
129
31852
121
249
18785
226
393
125
15225
15618
151
128
325
1152
546088
24947
446
192
172
143
27639
139
179
126
393
64375
1871
171
142
126
189
181
148
383997
263893
77103
1018
145
162
2387
783
170
135
100
1181
19051
142
149
145
217
229
230
6078
106
42503
152
128
330
154
32098
2040
321
134
109
178
601
1673
92
8198
123
356
645
141
146
1074
1038
95
220
11075
148
150
28652
384
10842
1903
41727
684
133
500
474
156
25985
164
4158
405
156
230
128
15379
156
117
130
169
52279
9833
205
119
34770
119
9266
748
141
3668
99
311
8240
144
1506
88706
483
3777
205
274
140
597
762
682
201
162
2841
2972
102
175
337676
29250
154
64223
3985
201
758
186
179
2437
29120
141
43036
188
147
138
845
218278
169
127942
221
123
408
809
161
123
320
135
6576
168
821
211
1010
5258
148
748
935
33231
18898
146
212
5457
141
80791
317
915
157
308
182
162
1621
220
990
4202
145
699
167
27691
17217
168
159
12117
211
191
132
587
316
3544
158
2506
153
134
68533
183
12756
101951
170
13456
160
150
572
941
312
165
173
163
3474
124
151
1555
12483
124
316
12151
1515
33694
164
129
33090
143
154
100
8869
155
159
200
166
121
117
184
173
130
569
121
31066
111
855
585
218
330
145
126
198
154
308
17118
189
153
239
172
406
140
282
310
322
247
131
164
16164
4782
2508
7299
5191
288
188
123
817
154
162
106
162
133
384
70865
405
117
9585
27401
353
19024
140
12433
12425
140
124
1318
158
679
75983
126
140
80226
13880
52152
14007
163
374
44095
226
6058
110889
151
632
7308
394
357
88515
168
175
2025
15403
188
47976
386
371
112
5995
21731
1145
163
8512
43721
140
130
3319
1426
142
15468
576
6578
51669
168
1491
208
143
142
841
1252
154
138
1054
6901
134
33363
55095
911
135033
168
161
22591
182
6945
521047
82164
10525
55876
23422
171
168
40607
61770
10324
8255
1013
2881
181
171
62901
63903
128
202
131
144
2016
138
144
12294
957
284
131
129
123
137
76789
132
189
64148
495662
267
114
186
136
3993
195
144
169
120
151
20651
141
169
44564
100006
2592
256
403924
203
105
7091
174
158
1623
15060
189
166
66635
69332
340
121
222
124
10374
108
124
137
367
137
780
140
184
2754
364
176
182
139
226
159
245
171
1621
31284
146
167
612
183
164
147
196
376
4696
153
1961
144
983
66229
287
3019
670753
38446
138
9672
263
343
164
239
147
150
179
143
329
150
5266
625
203
326
654
125
155
670
174
188
10004
1756
131
835
159
12413
158
163
23799
173
1774
223
243
110
182
179
142
787
151
142
4090
178
25260
3156
161
110529
91973
787
169
39249
131
1494
182
11419
29405
204
6029
163
343
333
151
10818
250
124
184
21372
134
1532
5662
5112
254
143460
180
369
542435
390794
1375
202
1033
1392
145
9490
176
164
170
115
158
126
667
147
59330
181
127
1434
37199
112
124
481
136
3584
3358
141
2182
136
3241
131
2626
380
130
150
119
470692
120586
288
142
188
159
119
2861
1670
18434
177
238
168
23665
253
146
149
179
365
181
172
143
27819
19699
173
203
536
132
118
132
158
174
691
191
155
127
325
53491
290
131
149
157
3635
14810
362
197
149
186
270
1156
721
42813
831
991
445
479
31135
135
125
285
671
171
18826
829
238
266
1226
153
169032
619
1014
175
207
250
38457
3127
140
116
20647
8054
130
159
6095
521
140
454
108
86
498
188
137
3405
142
13325
127
3379
192
166
271
1188
186
121
528541
147
2006
21999
21750
136
181
141
136
115
125
252
156
175
190
2094
170
60551
156
375
15916
190
1592
1703
218
565
62657
184
341308
157
5489
211
17185
522
167
184
172
121
197
148
115396
19477
282
134
177
144
189
151
166
591
176
140
71759
714
288
145
163
142
150
14326
2512
132
155
27567
233
144
1582
156
484
176
10160
311
3039
135
176
104898
182
158
118
131
171
20578
7120
124
618
820
9277
213
53519
372
446
8700
157
360
1697
6284
636
665
1962
337
30217
135
541767
99874
128
171
619
123
10584
161
126
123
426
44325
15709
1340
216
625
11876
10992
114
125
1328
843
188
41491
215
159
86379
120
15372
40619
1167
3479
14168
81115
155
4110
26458
143
478
142
1652
195
143
801
187
147
7998
143
13264
1209
45424
34361
190
125
188
313
32764
415
3002
123
332335
281410
217
117
159
131
169
6228
5649
119
148
889
34592
1649
179
117
154
1210
111
180
2388
3997
183
167
135
158
960
158
224
21361
186
212
225
4367
1382
187
11473
130
158
21752
138
134
1814
16472
700
9876
140
117
213
3562
191
637548
1811
4758
1769
39653
370
485
167
13102
208
838
107
169
4102
1273
1204
125
711
22753
59307
154
139
602273
15115
120
9577
145
44292
679
132
144
40632
133
115
135
2303
273
134
12321
177
1433
559
150
152
407
197
159
79997
158
740
138
18092
1363
167
116
205
154
97952
175
31779
136726
165
23234
1468
702570
167
195
3514
19963
166
3488
1377
249919
157
139
306
188
142
166
114
12784
4323
163
4047
778
159
91869
154
20651
141
133
150
4696
605
2801
172
447
134
17469
2845
114
100692
1096
1649
189
156
7850
6263
873
6225
2792
1894
125
356
155
23026
148
879
124
161
144
1279
165
416
137
1641
201
682
145
143
320
135
1592
2532
482
131
58252
1283
116
134
4086
63576
219
45514
198
160
139
152
936
187
140
606
3367
2678
117
195
39508
30684
4371
223
21064
141
63744
134
178
164
191
174
134
159
2890
121
175
69106
1349
141
1461
337
293
726
157
360
1361
1876
752
147
712
85011
208
318
5695
38313
800
98209
149
579
1206
617
144
146
174
1000
82037
437
142592
134
10626
174
140
6988
22300
129
191
130
900
159
379
173
138
208
195
130
73089
141
128
186
131
960
162
1313
139
149
20176
381
847
8392
672
134
12667
444
203501
182
189
167
16119
133
163
136
25945
131
255
149
171
224
1139
2272
426
179
143
176
170
179
153
16355
1139
4995
256
173
206
181
107
209
7045
687
27701
147
693
9233
768
33310
3167
152
7778
184
177
168
179
3124
522
918
229
494
196
123
278
408
206
1428
196
31190
670
111
31180
117
899
28905
144
132
122
584307
187
144
3594
197
2971
700
282
2413
13688
134
182
21527
156
138
197
722
137
143
482
136
702199
545
152
197
130
698
2032
578
298
1836
511
71349
156
120
1061
131054
193
105
220
39994
165
1417
162
125
429
32651
143
167
1350
489
10018
142
713
144
252
203
11849
648
3927
195
126
122
1154
48127
337127
151
187
121597
179
150
2209
126
518837
149
12062
164
181
156
156
9463
790
146
92478
25820
58778
33523
197
623
8985
16490
456186
220
860
46687
293
10049
153
580
751
264
130
183
43097
22252
183
177
338
349
122
151
134
181
146
390
232
195
12872
524
2743
32577
161
149
182
703
124
2604
140
150
508
22566
163
1263
1005
161
325697
758
145
67843
2211
17911
485
195
347
264
144
1706
6946
143
2571
304
76
761
73218
8330
367
1465
180
172
278
291
38284
733
128
143
189
386
37814
145
18528
195
798
168
147
140
1708
26009
141
150
611
449
125
171
674
133
265
179
155
865
258
193
157
182
2075
4872
191
256
129
359
211
117
178
166
298
126
26060
607
192
144
10882
169
144
582
67512
149
2344
29013
121401
162
214
134
22968
190
207
187
276397
7007
134
155
2630
806
318
378
132
136
190
45500
127
118
187
163
154
3845
897
1092
188601
162
153
911
496
140
134
196
1538
251
724
125
1582
3302
15576
158
150
1194
135
121
11256
161
5005
168
136
5055
144
751
1701
246
152
155
19542
6812
348
826
160
143
522
2006
178
121
172
1848
968
338
2625
297
174
501
28931
1209
116
15310
1942
12259
75217
147
137
114
144
142
244
586
529
171
298
5316
20841
164
160
139
117393
682
348
1155
2129
687
4422
6585
628
143
138
149
139
335
861
53751
155
382
5391
5443
184
28683
10000
163
166
518
204
3421
47824
186
150
5044
127
18127
2014
10454
364
185
24637
124
589
119
131
3114
264
439
130
194
131552
131
128249
519
116
397
6028
156
926
150
96165
154
637
49386
168
300
160
176
177
953
144
139
166
173
170
119
681
804
128
4769
226
501
267
148
303615
132
138
121
136
114
187
283
155
600
18785
158
4673
4176
243
549
137
168
8997
460
143
742858
17682
105
170
2855
1007
668
3998
139
3274
718
153
417
130
14348
36258
133
869
119
206
580
178
19463
309
434
20951
195
175
140603
638
9441
105
365
439634
596
24555
786
203
25583
203
149
159
22117
24100
10146
4806
1538
28586
125
134
131
112
259
212
149
4099
127
173
44218
155
149
1301
125
818
2418
44162
151
438534
164
255
7971
10201
161
147
133
522
439
17047
28300
818
189
157
2948
164
174
90
147
14984
815
128
220
128
1671
96
173
1499
6355
6999
27826
397
319
393
851
1726
1357
14285
206163
61954
502
22208
171
422671
643
1585
191
10362
816
2499
129
4559
161
219
63234
2110
1447
128
149
117
157
832
1973
145
175
623
36893
723
153
14849
478
42307
664321
192
202
26682
140
195
588
3558
90546
3308
127
303
72114
681
409
174
1441
224
233
1095
226
130
146
423
1554
145
29276
45790
305
156
160
154
703
524
7721
144
38804
142
110
565
162
890
125
856
217
17692
175
20047
120
1036
3658
129
20777
346
662
11818
9789
138
148
129620
138
85968
188
156
40761
142
361
1104
97182
21864
197
206
147
175
484
161
209
134
219
409
169
50934
63925
2030
206
3321
64443
59408
35174
4115
136
114
154
957
1728
62928
165
384
146
216
620
135
8666
1262
285
16445
6674
292
6040
143
37155
32423
146
194
4455
141
41935
3447
166
161
220332
770
1236
125
286
189
525
8029
152
108
716
190
126
3072
180
121
166
149
1832
4336
537
103
109
19989
562
151
152
3839
1981
137
163
140
14744
4342
434
1377
180
17282
142
164
49867
858
179
1446
182
240783
197
33896
548
177
25990
14482
24316
367
641
1829
178
7421
180
429629
3795
183
169
76747
165
129
332
22307
138
130
164
155
158
711
113
28593
137384
183
210
126
142
1759
52194
1938
169
646038
345
146
261
421
1187
4073
8043
201
332
2091
184
292
124387
308
138
164
106
136
1106
206
169
177
3013
171
220
1673
9947
375
57339
620
23271
106
359
367
15024
17619
186
25602
187
2355
18499
169
296
137
15371
12708
546
32004
5575
939037
139
289
144
1156
393
525
280
49930
152
111
1572
155
226
71079
332
151
471
119
166
144
544
41485
34225
252
162
21384
185
122352
534
153
460459
174
861
183
112
129
422
21784
150
143
163
17768
224
199
839
10575
166
163
786
161
312
1668
888
13342
173
1123
272
135
111
104947
306
152
141
10276
10009
6617
463396
452443
106
577
1851
181
347
204
2083
146
130
1513
195
153
233487
1229
112
201
140
169
2212
417
192
720
514
191
159
49654
19857
6440
2276
222
624
11674
2499
213
139
88387
2442
658
143
160
525
169
2830
373
1933
137
126
45662
500
158
211
313793
106
20267
13452
39579
689
322
132
39643
39952
54448
5441
114
162
118
709
273
232
2692
454
416721
498
193
154
242
1255
177
175
282
664
8992
198
192
1584
15874
14695
58986
122
315
1240
135309
3045
455
21181
148
176
290
826
1640
204
19774
24250
116439
467
920
301
127
51977
135
196
50801
18598
166
146
204
153
888
158
153
199
151
1623
242
2066
485
11631
1312
2804
54286
196
667
157
2532
159
19944
655
8249
143
275
24828
32996
18231
919
55177
131
1669
1298
29658
174
41620
181
11510
327
158
126
165
228
31820
863
270
52274
37351
315916
43746
190
5997
54265
149
106
3346
381
182
124
128
50405
159
207
13582
249
2997
520
155
195
14078
134
1998
153
123947
178
304
8620
519248
145
1218
222
1808
1590
31397
723275
8022
246
2027
1135
225
40665
288
2713
841
14427
137
102149
14739
164
69507
11381
89193
3371
19558
140
2153
1293
815
916
136
372
231
341
594
141
375
2511
203
148
143
7575
196
154
343
186
154
182
153
97180
285
83429
140
8897
174
117
334
15186
565
26346
175
235
1339
2322
53600
137
4252
216
131
141
555
292
467
228
166
28042
138
184
56622
229
1465
2865
139295
244
2901
123
189
545
352
142
198
142
1929
2109
5520
160
43793
171
6642
14863
179
142
215
1222
889
188
133
847
58590
829
2081
3455
338717
92572
279
48191
147
487385
171
217
176
193
3945
36188
230
135
47322
128
151
827
3658
143
111
319
177
43824
7824
131
151
161
120058
152
791
94718
8336
152
16885
392786
20014
698
921
61028
1720
40627
144
175
294494
125
676
214
169
360
372
7391
11409
4359
1064
1125
311
88896
1750
7827
197
4737
2392
176
111
4451
252
150
7774
216
131
39471
843
17052
180
46824
162
873
589
90751
170
736
36409
537
7627
157
190
151
361
493
161
13925
1141
143
192
134
6735
884
259
160
453213
75222
165
28048
148
176
594189
178
181
326
532
884
156058
147
787
173
485
207
9222
19288
152
148
769
211
765
46010
2062
160
191
42644
2329
171
205
138
580
497
1444
141
5532
425
2430
167
384
1124
249
580
23299
6456
52310
1843
45493
564
239
160
132
568
142
203
148
274
131
452109
352
189
192
29518
300
145
13589
6599
1842
358
205
257
164
2648
335
135203
12918
156
158
5861
16059
34226
219
740
206
389
133758
193
1119
275
152
154
1228
74526
1100
162
3036
1194
1100
133
255
24840
21946
35348
8410
260
214
14770
854
39075
879
675
129
160
170
191
44902
47714
18036
132
6720
161
917
181
2755
3768
1780
149
177
166
223
1183
163
154
202
33887
737
121
22095
157
929
513
167
329
1023
159
205
390
164
130516
111
312
4765
369
120
6952
106
156
170
181
203
183
912
130
154
287
728
146
261
103
130
184
677
222
441
341
179
157
184
434
139
141
478
659
146
12180
152
159
900
1213
122
136
15575
3360
211
195
513
184
3791
962
139
165
337
126
175
232
175
139
160
851
205
163
240
113434
1368
34081
2122
198
163
166
179
240
411
167
20278
364
27467
176
251
35626
208
277
118
7564
163
196
338
114
170556
1679
195
392
193
363
781
10770
708
188
148
150
133
890
394
8804
173
2475
151
359780
71059
196
217275
125
10675
169
91
4903
2806
592
227
4634
1548
135
175
1464
3971
33370
438
304
202
138
232
24134
284
13817
10381
152
4824
147
197
1920
923
8646
22155
2910
710
164
541
6309
160
12649
17784
192
212
12770
26290
1135
1067
13405
9200
13257
543
26087
7428
117
163
9020
46362
7014
155
288
841
38022
16614
175
5576
176
56245
449
180
111
143
141
361
224
264
20066
151
353
6045
195
825
420
118
213
156
53338
124
170
866
155
291
4308
12619
37674
152
600
648
359
692
184
450
7606
893
11866
164
254998
368
169
17444
6290
9764
2438
3962
278
2853
168
2258
31267
1203
954
18530
40275
1784
1341
1713
1501
10320
174
1242
5365
534
41592
194
452
25790
192
498
75505
35837
3417
4436
11599
219
1786
45489
3948
1138
150
151
27891
152
4194
418
587579
12802
17802
216756
17003
166
8047
53163
182
167
30427
124
454
3333
5456
202
1254
143
10258
654
226
26289
38090
186
18303
51552
1833
171
335
232
248
314
82618
93388
339
2129
415
347
76223
5078
198
129
701
29242
120
193
565
47425
1437
3137
2403
35573
143
126
559
31456
125
25255
163
1056
1491
302709
25320
129
315
680
268
407
150
136
7265
4398
68423
392
144
7562
3070
196
2360
9199
431
160
45100
21110
401
676
186
3420
3555
323
165
6140
80599
146
2638
157
375
210
530
221
31545
523
171
2963
212
173
277
179
457
767
139
197
160
175
175
147
164
229
27795
151
516
130
813
253
7810
177
533
357
868
131
143
167
2180
255
27611
13032
158
1124
414
195
928
175
165
320
663
112
1178
126
2376
183
127
301380
12935
335
27556
134
1115
174
1150
414
353339
6896
811
145
308
144
247
23704
181
870
139
633
160
8693
29221
148
275
409
522
1398
174
153
518819
130
411
57311
6041
56122
721
169
149
6416
355
418
172
142
340
155
328
147
211
190
171745
51978
166
13668
137
1100
860
284
259
210
3931
273
259
137
1014
212
25656
1213
35074
175
166
184
759
354
551
206
187
164
15574
173
164
241
463
636
7738
182
508
157
146
32588
163
143
144
134
158
543
150
173
192
186
2606
73337
1168
1499
297
141
154
17382
9578
179
262
694
158
187
278
20973
162
354
23552
205
133
4348
39398
19864
135
19382
1668
179
436
28662
380
572
290
51367
429
281
169
2156
178
1149
149
640
1636
197
8080
302
161
357
303
208
3554
590
614
15053
678
46904
140
289
120
153
217
220
5756
1140
168
162
129
193
301
114
471
211
581608
19454
27070
23015
175
149
31932
139537
205
3122
952
1235
3029
660
281
504
11435
550
133
329
128740
192
194
1721
78004
568
175
144
194
325
189
147
496
20005
322
50755
18816
170
180
315
891
202
311
1198
154
251
1615
163
150
174
376
355
37791
3646
329
189
1851
20360
214
495
532
191
137
524404
312
48419
171
289
13820
3075
201
3995
17517
408
223
209
173
32573
439
137
659
180
205
2842
146
587992
856
159
158
186
188
7786
227
495
756
1448
617
378
129
134
211
633495
1261
404
156
135778
1197
1026
157
133
173
33886
154
167
135
132
4805
186
1098
39956
220
2388
1003
158
69465
340
54020
548
208
34470
193
1202
6540
140
50164
177199
214087
172
187
185
111
164
195
154
8697
137
4322
175
147
236
693
40581
376
150
1381
169
1511
875
1040
129
92618
151
129
278
24161
200
4619
13046
1778
136
155
181
3200
6219
150
334
17966
27064
6997
321
180
204
273
236
508
182
138
6708
1408
40544
1701
264
17403
382
331690
22416
129
33377
509
230
314
170
155
223
513
1706
69548
174
497
1952
85
1591
668
331717
159
554
122017
1253
58486
15208
16790
162
1625
178
1385
14687
1285
2588
9917
583
178
976
3270
165
1264
39872
3405
161
2275
218
146
629
340
2882
1719
233
180
7601
208
313
167
197
177
517508
463
398
136
1609
263
5772
174
654
450
159
17170
164
316
148
40217
425
915
378
33461
704
4186
181
26127
161
152
1602
6324
5473
20108
1814
167
130
1040
265
665
23797
19483
1041
278
358
216
899
345
147
302
388
932
6852
11500
160
82873
9318
295
122
1389
86
185
8573
834
16336
1858
157
34407
207
10380
888
38877
142
909
855
4929
16816
42525
177
168
171
195
33073
129072
594341
2435
165
1730
524
31582
286
84113
10006
163
4361
144
156
250
318
221
1592
975
139
249
186
16979
407
23172
163
117
113
111
30312
2742
7695
12595
6013
3213
224
153
185
6366
244
167
164
188
254
116
1682
151
147
977
464
61711
470
3152
453
591604
693
184
81521
2091
6263
11008
216
1235
161
163
4913
401
1565
32483
338
28086
1231
6129
202
615
197
135
3901
1410
1006
9637
8532
2812
302
200
21675
10812
37070
1195
231
914
186
405
1154
4025
328
492
470544
232
293
149
176
43464
1158
135
139
169
317
433
308
110
167
3535
266
1512
177
12026
77761
692
192
12229
10341
192
4729
129
354
1037
175
97
184
182
23665
1154
1126
59825
2286
1658
1144
180
180
245
9270
842
703
171
7019
163
170
6692
146
5934
1416
38260
200
163
10258
176
42617
27487
74867
924
23645
63071
324
181
950
9281
9465
282
148
9311
147
1152
175
61194
4554
348
165
223
1986
914
166
1885
269
22345
3508
197
6043
5249
165882
200
689
523
408
165
1134
33884
155
291
287
4784
262
148
318
257
2339
214
686
300
143
143
381
140
94
298
1682
393
512
50266
255
1156
129
201
624
632
1827
511
943
67985
1059
788
137
361
119
160
370
43996
1140
152
22095
152
202
2784
2316
17521
619
19537
200
132
2203
49181
346
1161
262
199
136
164
1476
2329
2389
1295
166
371
3441
165
206
134
1597
923
144
549
173
2274
171
66258
121217
25382
59007
1319
3331
257266
42534
78285
161
380
144
275
4309
10088
138
175
94282
276
1306
830
11008
280
724
178
342
6879
160
869
768
187
731
1487
140
179
877
2479
892
18283
169
6180
2254
129
639
611
174
184
220
196
209
108967
14121
254
861
197
11062
120430
202
2660
53651
10268
18575
117
29273
1663
1430
296
218
179
152
6575
1669
1056
180
168
215
1813
179
7311
94164
249
325
216
550
159
371
182
470
703
212
1243
121822
1985
266
179
202
42515
166
8786
156
166
167
155
28474
29307
8983
9206
698
1724
189
5155
461
2872
11742
170
38142
21212
3859
254
51522
2729
350
36499
27522
6928
21952
2355
122691
1190
159
344
503
8786
20800
592
161
480
289
878
754
167
27371
186
125
134
325
34657
1263
470136
45965
242
154
3548
15382
256
306
4799
1454
161
42758
148
61677
12000
131
1128
127
21752
55241
119
6588
736
8881
19753
572
238
158
1099
573
495176
905
174
168
489
186
146
304
232061
159
5030
685
3563
13769
75828
5433
326
177
334
758
302
175
17892
599
203
18568
167
243
64458
545
197
166
148
184
346
46276
1153
217
1196
3239
156
159
144
191
172
239
743
155
194
158
193
29087
309
511
159
860
31905
178
9670
157
169
32646
2505
538
1421
4654
223
189
192
727
15390
142125
178
6269
4374
170
1157
33665
159
196
133
1729
6133
181
1584
32265
187
3131
24826
3898
232
9983
219
284
227
264565
163
499491
1348
210
323
9135
2059
193
38411
12142
229
128
158
797
797
895
119
708
192
180
1968
160
183972
114
788
314
206
841
144
28654
235
69486
152
500
60580
148
1045
25758
2301
28362
19644
20626
25922
344
54863
1110
502890
11674
2033
10269
733
2141
2264
1345
584
153
317
1145
54362
558
10227
329
511
36752
414
10465
488
57668
402
153
244
455
1586
165
154
2732
7360
2458
19930
175
203
144
353
537
12490
3746
28924
148
18198
498
1744
56777
780
952
5814
9909
1429
13795
489
131
803
91759
352
3126
313
283
215
152
1038
540
6798
175
885
7391
192
1227
673
28174
25171
540
3172
181
1828
192
389
1376
41739
1662
229
889
471
350
163
121
4652
213
21088
162
218
17791
58749
136
3780
357
14697
38911
200
601
106472
1621
38676
976
158
14424
422
43747
129
180
471
132
1606
420
815
11651
161
136
164
213
211
374
224
787
10680
38747
3977
155
206
141
257
1771
35092
23960
401
280
2775
194
832
917
129
435
8117
1897
7945
287
85717
46380
180
2577
179
3164
67365
3386
1051
1443
42162
32795
1090
23690
998
132
254
350
25756
5282
1866377
457
4889
689
785
199
155
2816
10232
178
125
451
162
360
4977
2776
201
1337
80140
15909
808
796
150
155
913
1842
25985
20667
303
3011
21679
275
299
188
1311
3640
50120
262
2388
8738
5015
329
968
11616
8167
191
167
143049
120
262
621
178
178
49420
1974
26442
9484
3878
1485
417273
60220
205
811
37114
7244
213
51265
393
171
4814
2105
632
1732
836
8142
194
175
1202
1098
60308
132
154
5133
3176
1324
5823
157
149
89152
195
1765
319
233
441
3244
3458
31911
11490
36962
192
1777
901
155
3730
2125
166
151
237
6255
258
363
143
5158
5639
74756
482
868
1853
219
90414
3968
235
172
384
1247
128
146
214
332954
381
379
174
33641
196
245
20092
100017
483
418
198
39925
635
8368
154
313
141
6665
10066
20171
328
422
13681
3968
808
57162
5504
99803
2329
1001
266
160
2162
121
2536
28938
278
190
230
277
161
728
1781
39494
1144
299
3532
212
156
185
392
366
7312
1262
1005
288
332
1736
291
165
10860
242
75143
1434
433
14810
190
3202
251716
302
164
761
250
9906
473192
212
137
45226
179
172
193
176
11599
176
179
528810
53107
231
458
292
219
699
281
2507
11557
157
261
215
367
1724
485
458
191
866
415
1670
47844
389
303
3273
2844
119520
578
149
234
169
23656
1492
194
157
1722
5330
483
214
754
197
168
237
7504
586
173
171
803
170
4821
195
588
2106
183
152
179
14643
100559
261
8627
470
216
218
155
190
165
3175
492
189
245
436
299
141
2539
703
3212
879
35504
988
2068
404
200
57585
68891
7486
11284
1169
1309
15042
222
3132
820
6375
199
384
10772
157
126
305
15057
6277
169
202
153
159
182
440106
720
170
171
188
373
45672
1393
35521
145
2317
7220
391
295
399
162
150
277
454
684
3556
2058
50087
2581
171
713
100581
13206
180
272
208
184
482
353
631
1094
169
2885
183
538
3350
498
1391
427
154
983
61706
430
211
160
386
335
2530
198864
277544
67513
44242
261
401
538083
341
1090
2693
560
477
28036
455128
16407
357
150
545
7238
198
131
871
130
560
708
1044
2355
14242
202
654
581
30130
1518
170
221
184
247
13093
329
1555
127
12779
715
1293
8339
1129
189
6053
3987
173
289
2690
241
289
292
223382
1765
1707
620
70470
1695
500
177
1450
189
351
5112
179
15900
165
171
178
173
181
2073
1919
8548
15416
1815
5992
368
7551
37178
13785
3063
189
269
344193
241
166
182
589
153
32500
20048
511
227
35426
214660
288
191
996
183
3347
235
745
118589
25664
470
159
332
185
183
586
316
1009
4435
1762
140
66486
231
481
205
40522
306
27483
544
373
21961
246
165
179
16281
485
227
1229
444802
194
68401
251
29379
13548
30630
1614
934610
188
155
2700
9910
88374
200
170
1396
44616
11851
307
14226
679
204
354
208
316
187
1822
100742
251
569
189
143
1083
765989
928
171
6456
157
337508
602
527
1280
197
32534
89511
2392
207
405783
182
1168
158
188
1125
700
299
215
700
1915
3522
162
204
1135
236
5695
6289
826
6192
57289
2402
153
18851
172
164
351
663
304
116634
666
291
195
9528
99247
968
152
159
174
438
453
2094
67419
108426
15262
1153
161
376
71739
52492
472
26910
1380
342
209
235
8551
479
173
8014
313
147
117
2156
2570
27122
467
2728
388
200
6690
194
194
15089
82642
63521
83430
251
208
3438
225
22531
80189
1056
1132
400
3574
44435
20055
1461
53902
54357
198
32927
592
1246
1424
1298
1196
96
171
265
2499
128
418319
209808
640496
13480
455
16201
3278
190
84354
176
395
435
187
4586
11760
192
144
526
239
350
173
13552
152
512425
238
204
913
712121
188
129
21042
91281
168
194
152
290
165
8229
844
9481
187
160
39028
31142
3590
5847
345
309
21376
11657
9467
2712
549
171
337
158
562
783
187
202
17683
45336
16268
11066
148
208
18850
187
3056
1329
415
159
543
506
434
530
165
8381
244
4545
30274
1005
1226
200
198
5717
1885
13095
20587
7554
182
364
1584
174
402
16540
231
803
10981
12405
58931
1449
780
1100
237
3423
346
149
16873
10936
94443
211
4120
113087
646
9171
182
7722
498
199
181
4586
258
181
1902
60786
326
93757
444
4317
346
17661
238
1012
8781
198
1846
205
160
163
217
7193
17487
75248
139
187
1774
241
761
5248
481
27287
11926
44740
186
682
192
492
159
488
173
234
202
596
4496
297
10162
168
6779
1338
173
298
2155
173
281
174
2352
1844
3151
31105
223
1143
140
583
157
271
4550
143
6716
188
1906
384107
347727
158
12361
453395
7753
7130
227
151
303
15852
187
17012
1655
11144
219
163
3271
780
202
77068
194
48875
1450811
1633
631
30429
18731
1330
8613
821
750508
184
172
796
188
173
6173
24729
208
687
31729
376
1962
1542
852
1016
203
123
20663
730139
146
1565
763
2759
1101
159
440
195
153
78819
3145
641
674
653
177
161
2995
1739
5463
209
890
196
157
297
379
428
116871
32616
174
6818
2329
178
14343
156
149
9934
476
462
47754
200
206
1558
266
803
646
180
11379
376
2778
4655
15884
109
10613
59003
65059
508
974
197
352200
1240
706
128
2490
200
303
2036
135
2172
908
278
193
644
217
6387
159
179
1953
329
1669
955
619
364
220
3922
157
40285
155
4966
112
200
281
6238
378
410
308
1488
453
67544
144
1108
383
2235
1055
21987
228
173
1164
224
181
12660
30245
34202
158
72688
1217
9801
197
799
6525
5656
194
423970
114675
5496
156
32755
460552
474
173
3695
513
556
229
333
166
21121
3285
14263
10366
180
375
1137
28443
1811
266
321
3617
366
1128
78821
3194
180
1128
26037
2994
191
256
1580
5525
151
315
50100
1169
42504
195
1038
845
510
21673
165
142
307
10576
8921
317014
1288
3757
2371
184
11244
1248
188
193
9601
313
156
78436
31190
888
658
303
147
5753
35216
13809
2529
579
174
7213
1073
2229
259
43929
217
1844
194
76172
137
612915
2663
412
141
167
1543
230
169
159
144
79479
3945
7737
270
1819
844
578
144
471
293
164
15700
5592
344
42554
168
256
1206
225
238
175
300
49246
114
763
374
12656
153
169
5839
161
167
7823
28287
162
244
337
831
165
739
2650
640470
41080
2387
358
175
151
252
454
526
21568
889
12631
197
154
8625
641
12574
60879
163
459825
14113
1022
38514
650
386807
901
190
777
162
16585
2451
25653
1333
213
145
6500
207
670
421
261
742
472929
166
1691
1422
852
152
3293
170
1395
2462
468
26376
671
2130
207
48799
203
151
10725
735
16412
163
138
55625
179
197
1624
57508
2307
254
56962
2670
196
6573
159
1071
163
7298
565
38161
175
3055
880
85339
107
647
4244
9153
202
360
117751
188
3740
2703
142761
37037
861720
912
36828
5418
443
456
30574
112715
433646
1179
1686
950
193
345
458
144
502
4378
497
187
176
387
91621
4291
35149
57551
407
226
20161
944
550
514
643
758
319
24735
327
4581
391
35355
187
1024
647
25090
175
780
874
17185
206987
70556
252
206
4307
57168
236136
127
212
66766
2979
217
177
1961
247
159
637
14991
205
1014
19715
81546
1190
3345
179
31485
1978
160
706
11450
589
52427
194
809
369
572
3087
174
583
94873
154
202
190
893
477
157
1182
329
1162
606
151
200
170
494
295
173
17275
93791
333
227
58308
8144
66642
833
426
1104
280
427
151
169
659
223
451
181
821
2697
76558
265
172
143
839
672
45191
293
165
163
846
15837
5353
156
510951
3539
402
233926
639
851
183
375
154
2379
323339
269
128640
5583
888
415
177
137
126
1747
149
24441
340
31447
20085
30236
3514
2853
350
143
1303
325
147
230
210
28823
1056
2190
144
79658
506
93339
2781
605
5501
143
12575
37877
8865
2780
63408
1864
417
153
1440
44176
141
3400
16586
146
169
858
210
206
2598
40333
360
174
169
5897
348
62689
353
539
53937
197
19357
49427
281
280
66227
768
269
139
2463
309
17538
2123
40784
150
603
324
1140
13288
151
19125
2035
132
144
3838
1116
35430
2125
523
194
233580
892
23249
1205
18414
139206
2403
780
142
223
177
379
185
147
37662
604
367
49625
7734
199
28240
1802
146867
1177
177
817
498
481
82472
148
741
1665
188
177
2391
201
197
5352
497
196
161
593
99334
641
167
7451
1106
199
639
52520
407
302
1744
4801
2794
56531
212
2086
2107
48723
14989
957
2467
23218
200
1449
70042
1748
1350
74510
182
40640
12845
67759
239
416399
448
168
188
319
576
60874
209
4399
800
475
1682
155
211
170
247573
777
4530
631
444
344
12768
8111
47309
391
160
158
170
232
692
294
164
583
898
1376
244
185
94888
6262
1551
195
615
530
158
31912
2572
9978
64299
838
717
4840
200
109624
1173
1252
1144
798
15872
883
6914
482
210
2932
1117
23259
121
204
6875
159
47910
271
406
140
147
205
130
214
1010
551027
67815
231
1764
726
184
182
11797
395
153
168
259
26869
2188
419261
9550
897
337
21080
12082
183
203
4201
396
191
7691
78297
1146
3785
2218
330
189
180
4956
25588
5328
3376
122
63010
51968
163
723
15682
173
15635
59429
578
1143
162
300
222
565
39853
25663
200
46962
1389
702
8821
182
11832
348
35593
313
34234
182
598
323
33490
519
657
185
219
2991
145
1648
16052
81016
226
43343
258
149
4295
1149
16629
443
684061
57178
18311
22276
54776
257
187
1176
66845
166
2491
168
24089
7195
345
415
28776
2576
700
1608
50644
167
68406
135
291
5180
194
177
906
430
463
43068
246
158
511
224
2764
54365
169
1651
726
8482
599
190
330
42392
133821
7089
704
8148
141
149
890
571
16073
45465
1026
37843
142
286
19414
162
292
197
22960
8341
320
26208
693
1011
294
169
17975
940
560
198
377
251
5448
289
1944
150
171
1623
9105
142
14129
203
3330
183
2217
3896
163
169
195
539
221
1519
2451
183
3393
331
221
586
7118
15512
1759
129
217
818
3684
43037
1986
382
484
332
157
71935
322
1162
2258
1519
306649
2463
977
186
376
150
21670
5403
169
179
188
659
