0
435
59327
4642
132
15202
25870
58021
3375
22452
35570
23847
5909
7617
44946
380
1063
6315
1145
17060
34289
15745
4139
11507
3041
8209
2232
101780
16717
31012
5630
334
5044
31973
13519
7148
183951
9904
312
75762
46392
892
350
71393
173473
10768
5089
1669
175
26089
13960
17036
155840
14197
60216
21621
3611
59212
10601
181754
3241
32586
46568
3418
26961
41981
3022
58093
4755
1007
159231
10253
56636
80092
7188
193
36632
849
106640
10180
47921
106942
4575
144
117357
38838
5419
25179
71370
13834
87707
13172
8480
7399
1433
3962
166966
20679
3104
297
23871
99645
64637
12267
52278
160082
21586
14518
15817
44517
20702
72311
968
3538
9019
114931
102507
2947
16054
18425
15974
38746
89801
10429
83683
7521
1066
6630
1798
6807
110847
87469
370
394
40100
2815
101462
208412
100230
880
168534
1209
27026
44735
9168
743
25075
20890
809
44269
21203
31769
103933
47779
87501
65488
14158
50187
34564
106473
1361
6867
628
228
110777
2808
16705
29531
6336
16623
4597
36466
458
20875
32614
23231
67628
40741
29904
10789
1468
50726
63576
93888
128200
11184
19159
37297
22636
13065
79929
4439
190187
100311
16798
46489
35990
104451
8951
59275
7116
108339
3240
3747
11670
31043
56218
2328
24754
45691
18219
38013
21515
199855
60651
15250
9905
40327
5722
726
21865
81345
1083
98545
36974
18500
32323
1443
14782
12656
46833
5672
99189
31729
5496
2344
91943
22953
13339
11631
159643
397264
5936
22971
8693
21215
192155
216134
3655
157918
63583
46361
43661
24782
7413
31536
3847
4065
15909
66672
185296
5894
33329
1447
67131
16737
65066
12005
63644
6567
13747
140153
9254
34825
5750
3899
10750
94071
126033
1737
3142
34679
17181
20140
33370
27341
4058
25123
8988
93531
17249
235439
9821
27466
58077
7462
6102
59293
27850
72839
4646
327594
1489
5635
7145
65348
12942
45121
67539
51256
41789
12938
8599
62450
6696
12424
1164
7749
241
15111
47869
9301
1793
74942
14875
32993
44135
4298
11648
14457
9809
222989
138183
16968
43717
61545
10530
13321
3465
27559
38953
92979
28495
15419
18559
34445
15795
66883
26403
7935
11463
27475
39993
74598
10302
51507
13208
2923
14080
254004
53364
64662
15801
145282
93834
6974
71255
27376
63045
28636
127987
16980
175151
58746
129533
11954
68639
50560
58345
2722
71294
79629
763
524
29559
17903
120583
46824
18009
56808
117707
128169
53506
34197
41986
225971
58773
98774
47574
74767
29992
1062
31773
196732
8271
10217
5104
34648
586
16788
1480
115296
56735
94703
16918
13209
7584
9066
10904
21382
6491
105793
65996
51518
239799
77000
74311
1057
8703
68813
149872
22598
10833
50532
127394
176932
4486
8594
150962
5358
579
105394
9043
43123
28652
15968
64856
206642
65238
20898
146985
47235
36489
9344
89457
127155
8603
176959
17892
1933
25053
73045
6885
81830
23529
99230
11542
11938
50771
3726
9015
126152
71893
10351
182720
28119
61922
20428
90072
51779
66736
2727
18598
9633
92574
859
62988
16077
586
239149
205897
77306
88916
13494
65784
11621
664
40039
33022
5043
23091
4488
41231
80576
16775
13482
218896
13924
15746
40197
70213
5120
118780
18361
66723
19116
114114
90609
232400
13900
20377
18741
6065
84240
19253
5670
169013
15059
136992
3883
29876
93989
30822
15435
35468
69952
375
74897
37304
6786
8516
16278
59240
24477
21264
145571
201605
8217
47260
18090
9277
15912
8226
34918
20380
4108
58633
239963
106223
86904
23763
219317
95512
29084
537
12716
49264
5532
60253
108040
2138
10310
1364
18405
27542
36431
49449
22021
110398
86489
10217
12742
123401
2859
84760
226200
33117
223929
65558
6511
137752
39852
3319
21279
34516
219955
19212
22754
147145
48583
58705
9387
10113
32140
75182
23040
117001
32044
4586
88074
28323
43412
61904
6608
146421
93538
1477
871
28056
66050
24711
120043
41252
48408
15080
28893
53487
95855
85733
52494
76792
35608
48194
55528
19604
75509
112982
48932
9032
10324
31992
228615
94371
144301
84187
88856
190051
2005
46660
50454
92395
38210
1659
30086
246145
143680
56596
31010
14684
59098
20932
32866
27268
73846
200920
197781
83078
214385
39586
46950
4943
2943
112270
80803
44453
66864
94620
7419
174083
71339
30286
127458
16775
48889
64366
14547
175932
68598
3975
125401
45688
213414
29597
114941
17581
98996
11705
79909
148458
135100
98579
14784
50350
44913
14389
83587
73436
24348
16460
29383
222052
114424
47533
80382
160263
21019
20058
17460
114343
349
124320
86591
35181
46868
20150
19315
8548
56613
103574
113916
36224
20669
25579
104213
108494
80718
2881
136329
5597
34269
93121
65045
160279
14298
76510
70969
63115
22323
166681
166257
49751
19299
12117
15025
286968
21588
7118
51787
26568
87511
886
3741
239741
45980
84543
7955
74602
117577
11379
34766
140034
5926
158606
15280
58280
46422
39411
26564
73295
197584
14599
59354
3784
54479
181324
203064
48740
336638
81454
117426
50036
258382
155151
67869
109740
111171
10032
16129
117887
311404
52983
64685
52740
37679
15638
192927
7550
142490
33547
36437
1118
21351
11035
40449
15831
51446
273319
35904
113458
83079
65808
7990
13928
19999
46654
188617
11015
104314
81168
169726
121726
45613
24356
59899
88761
9635
252406
115414
156096
6771
69328
57461
3723
108583
13135
41074
215580
33778
8352
42387
39503
28834
83132
31241
194424
191414
21929
174889
33799
87514
7454
249955
128538
8358
5652
28833
135371
66825
45114
22098
15186
1274
36318
274028
8577
14312
3700
67298
191303
24493
5310
52462
1044
23682
48134
14400
126133
112632
47987
38011
96562
140225
18249
29353
28510
32131
55733
167699
75058
64894
6778
89162
8626
44719
23982
29885
154615
79498
11570
149568
95397
111209
61727
45403
42055
329116
53550
80376
191633
67264
108660
16486
49517
7581
10866
76678
37314
227273
13346
16671
56937
67871
216861
1533
33142
3207
27348
35270
101396
53251
28928
40041
148472
81520
138684
108498
17754
78571
14746
96386
24234
18737
37254
58350
78050
128536
193665
65215
174271
117216
159667
241917
1953
22769
17545
64813
238496
15463
20518
60650
36799
66014
118539
57984
104141
168121
15826
1698
36480
72945
33444
36230
5664
172677
30721
63640
14497
18014
34868
46155
207396
86929
136825
16322
70424
83268
91959
3596
179043
11681
