0
38845
383
165676
73678
100040
415
863
58792
260
262
382440
289
283
257
74392
204
264
216
42639
235
172
1733
98010
673
259
201
570490
87134
236
446961
249
77507
199
216
314
155356
186
580
240
242
115464
342
112684
206
277
124339
82619
375
103685
553
613
356
198
172
258656
268
258
250
203
103566
233
252
243
259
142169
211
91168
73638
206
305
154099
214
269
755
202345
238
222962
166
437
96482
276
94161
226573
403543
220
136886
1208
203
219299
197
177985
232
294479
252
176
121652
385
232
101044
829
207
222
218
333
19937
98664
163812
67513
1485
1498
546
241
195
387
491
237
1588
231
255
132133
243
177885
282
356
258329
58568
241459
194
269
270
198
109777
395
154
394
159663
171
143
189
186857
156138
182
199647
11422
205
122
84880
147
118837
84699
174
128
222
224
204
125183
406
117177
194
183887
101064
215
100144
251096
132101
206
96552
140
200782
240
217
301689
332491
517477
147999
113047
164
166
122888
436
122859
226
207
71449
68068
146
134615
176
99994
486057
447666
71339
178
101213
186254
139963
230799
265
459062
179
184
279944
159
333
154527
164730
170989
199
163
511
158
127607
302
17970
148581
177
68047
192015
430
79096
106216
120384
205849
138526
173
166
203
229
422085
168
184
180
70649
158
352
109468
170
157
138
131286
182
139925
100562
138
210
92552
330
199844
142
369
200
195
58056
676
97693
2468
174586
110686
180
94524
197
393
194676
152699
103887
125
219
189
159101
248884
218
637
338
1094
120556
152979
98690
166
96778
363323
398
241707
378
407
191
232871
249
106811
128274
184636
290
107163
117383
153427
161
360
152
225
147249
104941
110381
165
190
387576
168629
231901
637
153508
572998
150585
357
59539
270
62716
79390
251
275048
158422
161
126
571
188
157
687
195
83833
105137
118728
196
174296
54397
106553
194220
90924
461
333182
214694
486208
206
134
160850
193
175471
72282
185
179
200
268
170
112320
171
107250
129769
126113
529283
225
175120
133043
273781
171876
170493
98102
228
220
212
193516
174
75707
115365
117319
116947
221119
192186
227
343
182
1463
210
201
190
104167
189
153384
347
100753
694713
575
160278
109553
236
273684
294
204
489
184
206
169
124434
169
165797
125089
185588
143
93047
158
183519
430
172
92134
187
140008
171
62778
102554
1514
176
228
118617
175552
146474
242
221626
179
158555
173548
174765
174
176
1090
311
241652
281
260
280835
178
101123
135
101084
131934
157714
188019
191
113049
150
457697
142553
232
27922
192
509681
170
216253
129002
186
161
203583
301
356573
221425
101132
154
69660
1007519
196
265196
150
111
448
145978
67578
143216
260
137567
208
136959
187
195
96960
186
136763
178
318
165
182
167856
184516
422165
73784
57006
252
228
171
268084
313
171
223467
45038
25961
81305
184
30110
217
255166
36178
493
178
156
213
312
155767
577
231
296811
414
166
185
172
165
98232
172
253482
486580
308013
145198
154
179
179039
178901
181
224061
191
181
737
684401
182
90167
452
153035
994
157
206
191
160
819
216055
493
340666
325
332798
104181
239844
72265
125850
208100
178540
171
202244
1581
640
204
123290
148
206
280
324
136722
177
261339
163
177
185872
217235
426
283866
832522
108998
762
174
133746
203082
205
92657
136
183
239
307
98804
228
199
155127
179
119043
91759
63574
128974
326229
131781
191483
134
196
175
921877
275061
191471
333437
176
37450
371
206649
77733
180
103044
394
214248
79762
160074
1189
238378
78572
443515
402
6455
221
69627
168
191
496738
200325
169656
175479
179239
285
84955
107101
99599
170
222900
215
343766
323
123415
159
183
122315
65883
82591
109557
168
78
185
98375
127
198
552
110057
375342
251477
212
175
182238
222
298344
255061
84676
189
216
184882
149086
403026
105593
115330
140
150419
256
189560
172225
16048
335880
123767
352855
151238
162
327571
81055
228989
196
127154
284567
293
222
111507
266301
218
355
90832
56613
74230
210
93184
162444
153
138
137835
219
153
323
220247
84765
315878
193553
195429
186
87147
361
128
73713
146444
880
363225
220
195440
614
282093
184337
185388
213
296701
136026
154721
68438
326
140999
128326
201180
150389
176288
27740
183
375564
207
234222
96310
115475
196213
406456
183
164
253751
65386
235
406662
73551
403
62813
196
170979
227
156
311
181077
422
103132
149
175
332273
73665
419312
112871
197
206
179
18524
104677
199
363
211
154094
93710
167738
231109
171249
100230
198794
607
77242
201
93793
218
98731
166
273049
317994
391
509
105562
79742
160766
362263
130732
119959
154757
210
200
117206
167596
176
247798
126
707091
104372
402989
222
1873
294
121007
147
208583
133214
160603
198
493992
89640
148694
179370
238
205
291629
442996
98170
101096
392490
175
262174
103513
1375
362135
83762
332
117375
237538
96288
123346
157
479930
206
132058
179
235009
781386
304
216617
156475
104331
47362
191
371
128868
122929
179
238431
181
201870
109464
93064
72127
171
212
95996
308660
111462
405
604
331588
446865
313776
227817
178
35771
98355
173
297
367
190404
128821
844867
199
335
1392432
201
99503
157
178061
457655
257461
440395
144159
164
174243
118219
156
150
135873
278502
211242
111147
361
145499
171
159
300
570
222787
329708
185
177
314
357503
148
178
157315
293016
94911
491024
216
107
158938
548
159
421318
651820
309890
168
630
317997
575671
54827
98264
169786
63128
423946
90737
76301
96111
197
55858
329158
388
179631
131226
179982
93435
180519
392140
619745
414
159
440103
402743
107072
173451
131654
141252
110959
220476
147
1191
238738
109077
118462
284250
163
133
273428
140793
448856
237746
188
220
67088
206599
18921
183
32374
82699
853306
227
208
74221
123806
393122
330809
306
119614
457
179
502587
78114
108616
299734
314583
184
164090
166
109865
208
177034
182802
612434
393033
102273
341652
1206
90045
248
269530
150
202270
171603
234786
151955
89485
373403
135429
112686
197833
251488
345318
264829
334381
217592
339073
185
123601
270
238920
280156
251387
84504
184
70578
124
316394
209890
186457
466840
429124
107566
221
165
217
154574
267
912009
382381
67671
202
190
446759
311826
317930
229968
448548
197
193280
166
87850
218877
159775
125227
128290
95838
365
174031
205
75552
146353
144
102531
87842
279
114984
169
83396
240491
181
428
80824
285524
142605
182222
421292
350
205
623
385217
367027
316
185511
200774
309064
201891
1077
650598
2303788
455
254735
211
351479
304
595875
253561
373536
979628
120627
340
174
151051
452223
163190
124412
294972
91864
681047
98330
216759
522
227819
240515
271
133
211395
449
158456
177434
67364
204
183786
294579
183040
143
182
279
112867
215939
125728
176133
565
337
339221
582
267457
303856
4325
147153
83346
139196
731
148972
179373
515
139560
3241
397015
586537
1927
191
209293
75930
165
159578
88042
275029
192149
205
177491
163661
386946
747
194992
188899
118431
241
257011
126504
227
175
185
220528
211
204
183
628825
549
132216
776142
143813
161
141622
124743
50776
134868
285139
600034
360200
133232
194958
217425
243
99324
337
209424
163
262
184418
640990
122418
193906
236401
231646
460195
165
569360
212
131397
102048
418464
459270
198
323315
288012
185886
146799
133716
287340
158792
99239
400114
246144
131086
154970
169
707
189785
756
505288
197
197
150490
195900
166
89018
244
343847
82989
220742
357
172
280300
127
108536
441
319671
184
178
193
103579
360125
128059
132290
480
108000
118727
379847
234620
187637
132774
218703
219410
429
105177
101327
184
96835
236301
230128
137536
159
300733
276938
180235
517836
172
214
630581
16718
194
300297
298639
94098
224515
398886
633200
169307
181258
287714
485647
171
410922
316224
153953
485142
183
433967
286017
382302
199451
176289
247463
290715
186907
470328
392244
152
64405
487
237
549
196706
291100
172
131205
234
509759
135547
158247
142
137
11718
188
225380
111911
256
171543
199273
205
588
80626
494457
310
515765
110
89086
80787
260251
140782
246439
181
150532
206
293869
684613
232409
231404
214081
230
507
155345
162027
190437
153093
679766
463
181
331869
367116
618
195655
451933
146869
305708
271
198
190
225
107394
83722
366249
179076
194757
1057
252917
415802
159618
217
452653
372
196745
387287
687413
457870
667435
179076
238024
115936
292372
304176
606260
179199
139293
472789
86731
183531
389353
101249
179
219
119453
56680
105520
225964
906737
201414
293
139906
185
58591
281
501508
280942
145983
929567
135
402602
51519
385041
213274
204305
146201
66255
173
695740
106563
146024
99524
220504
396736
65612
211311
144851
169614
246
2060
84652
234036
155156
9924
105248
238
62277
89113
376045
304
259
120815
247244
126359
100693
222145
163369
175
324517
391385
163558
9105
477177
48447
122793
467277
464
300710
343238
107028
167989
235
439
475928
96983
260095
129491
125304
346924
450691
440966
261828
226341
236738
419649
301053
193
246
190543
170
267420
379
119119
472190
326367
634836
491708
250347
16423
263559
184
87865
607236
570
328692
180438
517280
107721
197534
166
96634
306572
361708
58938
192868
450689
233891
136385
368227
93180
150821
197
422199
188
386
247339
280428
310849
131994
191
306620
88070
416090
607311
214772
216507
672254
49840
237680
281511
182
486734
156
93915
348904
191
264085
131228
186
173
171639
148
173894
72280
210680
518995
96363
448467
312765
395208
180
128239
248409
364731
202623
161
248
158161
226340
149830
127827
331735
755
369993
83381
188
328463
244998
154374
240632
438
311890
319233
517246
141
268
160
169
380756
105342
212513
403131
214
98529
235
284
407488
380992
188929
935697
254849
167
170
338664
150
341996
94758
118275
65760
78484
158
635204
346066
202
313023
247
168279
76096
199436
356197
248716
367171
206498
249136
319063
188
198
157883
352452
98320
238
258605
410509
154173
154762
381498
454069
147
87519
136267
154
725638
141135
372858
751394
193
192
334747
127236
362
328455
214987
146102
669965
182
166179
258
122107
145552
472647
98620
233212
184
142713
350070
133898
69967
167
422
208844
108084
206382
88475
71596
56037
354564
132
297360
157
669236
173
180
902650
299448
600513
718899
389
566306
138161
467456
568957
87794
708826
428576
576855
105809
299195
622
191912
915037
78807
188
701581
329984
384112
940703
63386
741967
378829
231713
139443
217490
370652
83942
302274
143093
249137
131602
503126
442286
159275
187424
181
214
125378
392086
324462
540808
126153
148021
126899
87046
176
374938
163387
193893
264973
141738
472708
334981
214494
100461
440
385
211
112612
261
243821
174
148522
79828
191
436763
314205
232322
117297
106124
284
26410
210
143526
159
134819
221305
133787
186387
237
139756
125
178825
631001
130300
187
190270
176044
1811
227990
434413
416
314972
87922
256663
108430
247615
376208
124098
106
148277
677845
263
241796
532036
250305
111725
24784
144382
199283
93853
305
1110319
78588
238921
265043
212
163745
5922
173
200
64265
200807
272756
443534
591931
168397
154813
593
439818
333234
406
300
120293
389394
455907
204
246979
677
162
268935
22435
192853
119111
141505
305915
190687
177281
310076
127935
223867
177
531184
264
109796
197
330140
434831
276359
996771
200
166393
257144
328332
170590
117032
120640
75639
400829
262957
177732
387501
177
82232
256147
235721
93116
233
202521
410
234
218
98846
245264
234618
233754
199
109805
263956
229
251960
183015
319575
196417
205088
326662
189519
427027
168482
311451
208878
340174
167442
139419
190
344734
168
216468
177749
381131
354941
678337
291134
172
207453
118952
64873
639
211836
183119
159
76420
141508
183743
196610
254905
390244
350980
275601
307911
46672
191308
157097
510
173795
207052
152907
171593
307369
153953
224
72771
242533
469
345030
741057
576448
672512
367985
64957
203
734858
319233
505414
165
560117
216902
181879
102928
239111
390885
163716
281072
858855
305964
150368
205589
631
471023
522124
251964
204
581087
58496
291236
96466
176022
174276
203
668673
459920
147
867179
149055
231
240412
162
167
267583
567283
405062
132003
117000
282917
125504
174428
178
591
120764
271974
232217
573362
275120
200123
300773
166
185327
432819
140697
204
420
287192
1221164
327312
553022
189
711322
105915
285405
397397
189
706010
189711
166
179
79638
235746
492199
120347
359199
92420
324231
328859
166736
198826
183306
725105
204306
97273
352156
124823
409263
257
218614
454416
111423
264897
444786
419249
256416
314605
499373
233861
277639
205416
158860
518894
704307
523811
152
284448
271963
163
305597
637882
156004
61540
1050048
367690
105537
551982
299703
275822
122420
557250
208
138
293339
176
584298
289547
984607
230031
374901
437854
176863
126438
194283
143100
384
206502
257533
381534
224050
260402
182088
103092
175119
332869
390
210
297151
179
623729
176479
315156
72242
573448
115226
431905
168254
115972
196
185031
258923
245479
101600
112218
131785
803325
675827
340417
262347
179
957549
678893
206
104653
141468
298402
1651251
186324
147251
709805
89373
165776
278255
208
200
371
348156
141857
219952
444
250
380770
464239
591264
163
174985
548669
384359
185796
409469
25730
176189
611120
169236
355512
174069
206501
394013
276074
354333
778780
102726
756757
239925
233
180
237772
176361
174825
116818
168252
356559
230
181143
177598
122722
132689
158
431247
443857
325117
132749
232
115148
142700
359302
149655
139943
497889
175992
230775
756024
531232
470502
157
395804
379458
173
220
674451
3829
496492
335368
140
382725
228034
211448
609140
216
116314
338090
170
310682
207964
200086
321669
161
533762
420504
117548
265928
118665
213583
480407
246174
664891
101891
208162
123
275077
174
209098
552811
726112
79430
380282
179
441103
376727
243593
342981
659451
513002
418817
136191
283540
433227
120810
147753
110235
131756
501346
322508
71494
726117
218507
151
192
229865
985473
236210
289058
137174
543829
224549
310237
204743
260392
246721
485282
475483
64326
122401
98551
1045579
264578
160125
118742
607372
474904
309474
498439
115
95781
562866
797
218784
429566
151361
376
209
448572
437307
397537
277108
261225
530473
833
449996
366
180
146
1326544
165
186109
337299
532585
183
128853
160381
318106
239926
233
65413
111709
292692
138092
196668
321250
364001
240381
287685
1161754
14458
980
570652
141727
88873
477218
156526
449385
70759
346331
196769
199641
167943
399549
368292
71949
120780
653107
424391
188728
355590
577462
671910
155145
159461
327333
250344
488167
418828
521860
393
140212
87437
357784
333222
114100
190992
577283
322409
734519
1356696
1155321
608334
133894
157067
269592
740618
185
469938
118458
168071
628237
80793
340800
331033
99933
135742
575832
355602
320680
207
171
176771
315817
524992
297621
225749
671917
131847
328467
464776
266813
346125
435223
385433
410557
325221
148
306331
177540
221016
546137
133512
216
266732
647240
199
223006
216
207914
330247
1211634
152447
912123
200818
1004730
173703
243203
384286
184
321009
665887
772484
295396
150099
111464
136394
489441
392785
993658
19956
212227
367567
415089
205
200427
334188
744252
958217
206361
238007
569073
168
227328
716207
822568
530530
597432
280729
204
235858
378467
200
440916
527064
592811
346006
645430
790318
259266
535
238983
160905
59714
315385
525243
263987
194391
145787
351972
156809
215692
182807
560393
833612
186
238023
165
600042
365462
73258
432964
188
296583
239323
421411
174857
401901
80176
360429
280754
122813
485068
479366
392387
228
364669
174011
448052
397
482842
748204
649332
368187
262736
220378
379536
717531
250328
90840
254939
912
330595
65795
200595
198
729963
284869
88941
694747
215986
67146
540149
181
16201
512679
228370
538160
209019
60175
464822
192633
105543
512080
188056
804671
628178
104549
120197
475335
184
120830
263
199006
356400
187000
798308
114793
225826
270522
195834
164
132990
511665
327955
188474
473026
258975
242205
424209
219692
1278051
118293
242224
218
690268
197633
467271
515280
124832
114879
327343
222
147695
520574
673063
1034392
191173
495161
547
604762
246202
539766
384359
119416
923294
66686
68738
358812
323840
201
386455
208663
266
495844
220656
47668
268204
78828
362053
393293
624053
675728
731753
163930
788891
178133
406396
152
489651
356216
522199
143067
182
254081
183259
89469
274429
578900
239682
356403
119270
1174792
265577
593241
430275
317894
200886
405
121324
118717
353915
990245
412051
263441
94949
402325
895829
386596
229287
426350
289
1092648
567444
188733
242
137924
692069
410625
134500
99462
176
467723
225631
196389
81313
168
243905
251772
515533
335333
155241
507726
209612
757474
545477
177
1292789
89790
118420
605100
463520
397
443696
307382
250060
253364
724695
174
130370
482775
164591
255
113401
1251539
524094
638363
143
327828
671412
277
606442
326596
278244
564183
728127
374941
638735
135660
149698
155725
909712
222609
216692
874484
380893
57301
754780
152951
152766
209
189
274233
874
242333
92049
460349
184298
265788
392847
768786
1141175
905979
271936
38580
743742
451258
435
111155
166239
161137
358797
443813
464414
281058
549915
310909
263
883430
222695
236225
187143
1010503
705473
123274
329909
336046
611640
194
250823
588778
297841
188
347055
238988
254716
165621
456108
176968
365739
379078
679018
236236
998777
378936
280526
568332
789256
154834
473318
370543
1810976
276392
783004
773992
731478
452602
420802
451813
142906
602665
416535
677717
213
97332
282468
187299
203311
368269
119496
951000
390117
1118107
461361
352001
1732572
226506
241624
214
360289
383192
173064
110346
357202
230725
362502
854258
557958
186230
335532
937854
102143
476578
275777
689321
313316
193250
682156
399440
981927
264359
214
616043
1580527
157711
81712
143388
388626
246053
313794
142919
484874
138080
755
607701
175934
186278
491044
81753
189873
705717
98918
174
346
648177
126301
941728
400259
137
262838
128254
233644
440849
184949
585436
184486
358767
378670
678138
1596662
237173
734910
500
255238
352453
536341
522805
441951
160517
492
338847
200438
604516
695200
616062
246883
230486
211131
276203
270754
708631
366488
524873
461824
454565
133692
329446
601599
430242
166590
76823
83697
188532
549364
560539
138558
1133663
255062
578955
468699
218
112500
515836
398316
409553
176882
349239
190902
214003
265342
684705
278489
122412
277542
668215
78667
626326
484838
211
100449
435500
194374
218046
249555
321102
132990
176401
319882
234
337391
115849
876428
609407
852093
228176
179385
197909
672393
479533
421
242359
81495
911501
261173
246289
565248
314829
310522
378034
881296
107143
101390
381929
254
328867
147449
149208
1456752
848025
223410
119624
413336
489432
605601
311699
743227
175894
500462
1350792
1237607
244
201033
213843
479364
311113
612200
94416
234615
574196
187
883390
394270
186283
869796
599211
274138
625012
362210
265185
386640
187
236749
125588
358080
299919
254359
261536
94220
25921
1065663
464219
260440
607583
326199
313206
753579
163364
198889
454627
214225
825779
345024
945728
1118619
429600
1045530
1035427
153073
156794
64269
9731
129208
343220
167
640072
88766
541790
552484
906753
131131
485463
325958
351
634303
1037893
248944
189764
166321
433956
485487
554708
651400
103441
221006
440239
397362
275519
479801
181
254353
689106
206
675530
1384449
788356
1111543
175
403915
134471
766660
173399
339604
442555
517690
831559
417897
422948
1008372
1070397
313954
103231
499585
157648
544669
297887
676356
188916
518672
64017
406130
190
170941
153899
466037
113427
184344
72571
122434
553230
232
1268369
997830
899753
407059
567429
274960
358416
331280
486126
523852
821166
278969
413431
183634
245689
357932
823943
510765
544099
119059
546040
286847
734578
1131355
265438
866546
458617
388152
248668
895427
276752
75209
674437
231
154948
175865
1688722
218542
159347
764400
199
351385
151004
198
2105040
207100
168110
459693
262751
307447
881297
451152
135658
329815
287268
817990
453790
633257
731857
682370
209373
400879
551068
313927
170
1165824
392127
878345
175300
279370
620151
171
278369
121616
647352
243850
866234
349951
153366
153747
148523
686600
471417
1114578
1988946
509705
256281
434471
778639
138291
241
759886
153614
425082
1057443
218211
128372
658612
278555
298617
176157
947644
406089
105147
340235
532417
586966
127208
273793
577472
277
172
591143
215526
155
329093
364146
807773
326173
860590
170
113883
160626
387386
284117
1121183
169399
325079
235528
135240
392025
336002
322723
498
126908
187541
280642
936578
1093950
124
377163
181115
328804
773131
306963
407546
507643
341749
662803
589722
503919
423215
234982
210494
431884
98654
246
692151
187
642870
118526
357817
252
669991
645539
210204
833681
155923
1110175
413054
428839
557610
88542
443839
422817
505202
178064
431174
816717
424173
218
145225
404821
395731
484156
830658
362789
1141152
364767
788508
197
832776
57098
1076759
932994
374139
608996
526
539899
332165
399512
259776
138451
243234
633472
617663
453520
197719
521863
408376
188
387246
672534
246321
651693
819168
835346
624521
157901
146279
310026
490908
112625
118015
145845
602742
170225
240847
631023
945414
185177
356588
1337871
236226
115204
167298
184340
194223
884752
258418
102195
637350
615709
279635
449148
331957
483759
376644
1296952
245908
1441354
186
310374
420468
78176
601151
232
638478
319130
920067
221519
448162
359481
255527
321605
377656
196
293
198714
506645
434063
430557
426061
166
266110
197366
773754
191573
478180
332405
227369
939637
958042
234631
265848
144306
620841
618483
208692
176338
943864
308864
455077
282807
116761
1125495
475724
474274
283
422017
898627
182938
524909
964501
743930
231714
526923
690080
774731
848753
135849
545500
215866
220727
306214
113560
665046
155508
381108
181
1152691
291380
182886
638
785939
238797
366998
523638
898558
573098
445723
220372
531479
214603
691248
152411
2046397
321104
789820
547698
384020
92080
41564
224316
362822
338108
79198
1521136
260324
170885
353237
324111
496373
313236
904888
703916
218127
421377
562015
685227
278843
340
572395
127173
467801
771665
641471
1413192
114189
544549
112512
514718
249451
219
1143458
294413
133081
82684
729691
877979
501866
225714
807735
439563
1217977
106155
207
414625
206
196
390973
489346
113138
962600
333116
1300267
221799
346868
1417768
313059
1306796
1447261
1007128
22209
747661
185127
389971
243012
447615
324607
472688
2700936
301696
225909
633830
174439
262934
322003
228131
471434
193183
650842
10176
753991
140702
302918
52618
119469
371045
370474
526946
488192
409880
178808
132712
1507172
316607
278772
306348
248592
945067
180894
381044
447715
641618
1107495
1137772
340103
508951
291742
177762
369
303416
432712
227083
595451
410046
649425
477170
439561
701973
156282
368071
126356
200487
308214
16448
236123
724653
353649
556500
409616
597316
407020
148976
569303
241319
391637
988346
512683
370605
458179
275719
463690
406636
593271
524450
928823
581192
741577
763284
396773
87092
32985
809082
49508
638514
257046
293226
850190
299
819442
918750
197
218774
510310
142728
121969
1118673
483882
455528
84894
1241650
408299
427372
798924
664448
381856
972006
962316
423766
557
242
216487
554477
548820
690270
1192446
821866
205
124
423958
927565
755031
632264
102810
567624
981090
1359869
813980
171
327
506137
255842
627879
208707
203947
329135
532996
498994
309241
646916
591717
206362
96705
476781
422084
116057
567285
957123
100007
583638
396375
682344
906518
971256
224104
122400
825351
1023218
405857
256537
1461221
893685
688953
3130
184253
88158
501921
199464
383642
336318
407719
732634
213
253880
139710
532698
1755340
1353357
551204
560240
732819
839019
257278
119
517539
192129
961214
337619
1014021
163679
557207
434222
285288
174725
497017
122650
187532
347557
761733
982712
666783
358479
821692
111879
415426
265112
535136
687651
907475
329560
88793
930658
516890
439963
415789
200
160081
119081
1961481
580800
108464
180077
337036
201
583506
501648
1401456
814039
323701
148449
187221
402017
437270
1356080
284198
796755
696933
1011148
795495
96324
711692
211984
587397
870308
421251
331
431668
371063
425
1098464
358107
293533
468992
408996
316746
603250
766666
166081
424940
862201
462765
189
702576
680781
411512
842149
571276
227753
109424
433174
231565
412845
157045
492559
176
95676
336787
349041
580
169766
673186
925980
160
708822
258355
284846
796041
1010541
345763
696288
192
567722
276377
503052
814697
407
923084
119594
469154
567162
833500
578004
103370
680055
559
164313
1953426
601047
791360
243734
1454338
521039
106464
227572
5639
1189180
208382
194412
314419
206544
192547
418999
423482
717694
208418
729745
1296552
511540
398350
351122
311895
314131
410114
716007
1016924
1613162
450630
203
313928
175466
1520667
363844
673697
173
398760
1748441
357786
113334
799718
284837
733429
219
317630
1072128
157942
369273
205998
599804
350644
503301
127656
160958
314120
692266
743372
102153
101778
351148
809970
474337
396426
331015
432873
467787
198598
248
436120
567793
718497
1463677
1035509
121731
693682
249
451629
647679
376073
406901
240904
592212
246854
196
290110
637373
342864
118108
830059
178034
474235
329245
596844
1063376
187
849
636890
530003
865903
357278
730185
224163
521701
728492
627523
235
897135
890719
800039
152295
307674
862570
336877
583948
98156
270038
2164665
832907
676869
328485
637065
744491
1217780
421409
141777
314324
273349
354399
16426
938462
791776
589114
289607
789007
265248
387617
146244
251277
642456
491330
640056
540707
416965
157063
439830
525771
384265
399798
770894
720421
172817
495180
394361
441652
231736
708077
667740
476
659010
603505
883021
1177413
342952
333989
462475
778999
601163
376546
1158343
110507
211165
1384031
142821
138766
182727
364873
1101513
721547
1221197
206804
491750
92746
421077
498
119710
1381501
144045
645776
228110
256155
481874
384665
1005372
232972
680818
185297
513883
1012043
391707
307627
592798
668359
122089
426
177
951712
1185922
580690
601140
824001
496608
310640
975799
446424
176218
916474
567338
373
885426
487216
955647
526904
457149
471608
264518
393558
410283
413296
1237495
585509
99730
144119
804007
641057
250408
459646
335792
627156
535790
1255130
643261
298926
452311
565
960913
224434
460439
157465
219217
549121
666568
256915
1159374
1007209
129893
430406
337135
699106
292379
281207
207224
586424
210516
3301396
148246
605391
584097
666337
600750
727162
859890
218897
130628
183127
178622
1319946
330804
269180
660014
208095
128301
267800
563291
486684
348944
548075
898196
278676
542766
737892
287436
624306
223289
627243
580423
538
1255658
592846
478193
890290
333560
585430
710805
183034
198
501436
103122
504324
449781
595004
179840
191113
467566
269425
284294
603257
159092
653900
230046
835957
516649
466756
646858
1844007
1404683
260
293231
468192
434679
620786
391718
1495257
1478158
922896
1008393
554168
1168769
837183
367429
895695
686501
446650
912012
174
1033390
675937
1319777
688052
253452
346017
93620
381043
909153
827325
1025677
1032106
472160
233261
606647
1279568
259881
507704
654548
634352
481924
338153
369416
373632
93721
346618
251710
776617
582721
430352
434086
545586
820599
859297
178572
1135534
676966
1760092
613492
266264
1130782
367842
230808
355080
646035
122975
178489
708791
423471
844647
431830
672233
522333
132730
1491663
1763371
644765
96667
352078
730481
246779
207888
1217904
155
944354
1566969
621364
766248
642127
834531
772850
128004
263774
286003
442541
836272
875122
637099
1801878
745299
313695
722417
592678
330128
572561
1029037
405411
815318
1113963
1926386
308229
414841
1052403
428195
704297
608317
364803
175018
81950
258179
525681
209
167
85614
468290
485066
881112
492774
152181
883947
2548874
373846
263279
495630
652337
357319
984892
367140
1082024
360410
337871
410874
592583
398725
914595
1418637
741446
477278
664636
1038084
838728
183882
327653
587965
398298
876528
950444
335
502976
414492
766007
898804
617719
209
299498
215321
868209
1067440
2670
1052176
317213
639520
1087284
477081
703999
444965
303637
340989
531005
87614
540443
988255
182013
452314
186768
438741
679076
224
529237
270099
326763
134760
467047
787536
440
438372
787497
195090
431571
319866
395233
1473214
268589
961675
217171
366131
469735
660592
809655
1240484
581942
276782
957625
301529
541235
295398
845945
1129013
883433
1526089
397425
588971
658939
159851
669769
965379
756235
731127
580414
882253
748858
675219
222896
907828
197042
283
589394
562991
176878
628190
445101
777202
912002
717287
237
390081
722687
505739
99441
645101
354393
651829
372405
1799849
393
616585
425299
1109155
131807
465926
961642
307063
1394170
422077
92588
101676
738881
400347
805406
469571
475458
796036
1273616
1163904
501559
745115
412553
1398264
541346
519218
1078952
463527
445461
505208
2003465
138354
1015441
203520
440268
1613389
415178
242985
671259
134183
1635746
355756
408243
658203
277929
97049
370588
1147504
660586
866348
366070
885430
111000
972965
744822
858248
992672
1275949
1407603
1409169
179
350478
477020
288344
499308
660453
916521
529465
894620
96751
155
698322
469585
535510
1867045
371820
336101
74112
673423
615750
768133
605878
477278
615600
414584
1114179
984142
379813
359785
375535
416176
216370
223273
102337
170
311902
256602
501220
955692
686248
2086329
508717
345423
234254
1332679
338396
306060
117950
674267
1770860
760561
122546
638769
313121
1159171
489195
395558
1138551
432464
137384
674997
1088997
313225
204054
622094
152898
284035
592379
385432
1153606
757267
584511
243350
613021
643896
730222
422784
460762
186762
1097294
776552
645407
376953
638522
420220
154041
682756
390302
155606
1268497
2094369
748975
632162
337973
916876
270730
122475
185702
592153
550995
207
723950
264146
413930
250405
454700
1015711
569044
286535
632551
334426
550344
2193707
459944
894285
222430
175620
383528
576396
678770
1341407
298709
459827
534746
936185
2009226
713632
1020094
738979
1393870
795300
480304
723783
1841903
554582
544932
238
582570
269709
1392334
504555
727589
740653
629204
325109
588388
279225
203
581534
480321
731488
831283
989632
583029
245079
184
1639967
455756
215959
277536
248419
594302
753503
329292
1378708
737952
664953
870645
3302679
109893
499530
915722
1510659
516106
407221
1535523
645110
828048
934552
855007
360202
1246835
672724
22372
362578
185966
143183
360604
471925
618915
286
422308
137514
2465239
422623
515195
411611
1187154
107596
1803521
370258
1445107
1312112
1230106
264329
225148
655806
1380568
1357685
600250
498458
732179
484104
673429
252784
377306
559081
222265
702114
1621731
432365
472731
791900
490918
217
663846
748501
536326
557767
1146707
478877
1026108
212
352334
102212
146858
296941
549194
403080
410215
129426
825171
1432976
192918
968967
277962
968306
499039
1271504
768228
837803
463422
279561
185297
402244
308286
800044
336287
533665
506095
758834
182348
531707
570029
637527
429825
650921
306554
1382625
430234
632865
410238
202
170928
463912
850461
375
357579
395872
351243
669810
301376
987669
649855
696154
322849
762583
733377
198292
1550867
308046
969416
210780
1053443
1873722
245448
469397
382281
595807
773949
368547
964125
550403
629125
1025447
226397
261656
1243106
726866
128844
270304
431959
839877
1051254
966182
249346
596247
202291
609788
659397
756740
932869
326645
249886
1002008
1553644
1537554
200
628624
599057
272515
809283
931579
1476449
777347
230452
704817
506671
188325
355677
550914
152
391903
438562
596467
1061370
481180
1375524
408490
1213429
715320
1241964
558183
605843
942902
259000
942475
786768
865335
1266010
274117
1323382
829194
546899
642021
856402
870294
392072
337353
406892
116185
646193
163375
319532
528766
7752
135161
1429176
1277141
430604
684618
678181
840923
873393
370911
379554
555299
565446
606858
616225
1456982
1485736
131975
518919
400603
361498
641864
1104493
551590
89512
710510
606448
494919
521118
2181643
579366
514524
338351
158653
1230160
586464
645
352950
2105054
201999
669189
357238
1361650
958334
466039
1154059
513783
416910
503982
462665
133984
905111
516173
1083084
350326
278609
254653
630917
532356
466592
853060
438522
991708
443765
364148
277
2354679
328710
1621003
390242
436941
348578
956610
484559
67182
1114796
556919
26667
699005
850
809640
253841
729905
1036179
1330588
1551536
633720
675315
906508
258653
172662
700315
292801
142486
256529
503102
653615
406333
668550
1308209
331990
1533337
1094983
633982
826267
507270
566427
155088
310621
320761
436
292947
186940
524529
595486
695684
182208
672656
197
343092
672552
377510
674399
1621087
2100730
687859
219689
644778
234280
167122
513398
995871
1163051
132974
999586
742017
1031477
501354
487235
264951
267551
863989
559254
898483
168201
966314
513827
850586
704543
1410185
537810
462401
265475
456509
826912
1358265
373804
711750
188744
674740
439085
858134
111400
555096
348214
322110
255060
554529
433246
1111790
701001
868123
305783
696259
577531
205
571127
1108216
223821
930927
571972
142621
1109957
1502474
916235
419539
380086
965919
649784
1054840
617442
825369
246020
515554
657353
1601972
425909
437436
274214
453
922085
995472
538382
388735
1062728
918905
108502
774895
149011
176151
360526
512255
567409
1018076
363010
722602
358
842416
1397911
651981
472711
818225
286000
144848
445356
317460
482654
1813652
923187
848577
460957
316778
475825
492134
439179
811031
1272073
996646
739764
1495858
954833
520323
425382
326432
187156
984791
603274
1002655
570162
783556
839244
165002
2084191
308181
539670
1826693
1416972
623258
557036
382459
245023
1663503
997654
130128
466544
966457
941836
288048
773386
411059
587677
252644
164969
148690
725403
212789
890877
819307
955465
680030
613942
306778
592749
325733
578794
344483
687347
385787
1026101
658323
533137
511930
879795
770600
941307
519070
633658
364097
333288
540723
663606
331469
969747
1668178
7308
1489421
104390
246256
1787289
661911
1630452
552458
405062
1445988
570556
140652
323325
416270
937766
258983
527948
404781
1095957
532480
30278
925352
511086
833460
611173
1341516
1909981
489918
211077
617481
1412567
633043
206393
1540288
1067174
481163
979596
1031115
1201331
651357
580300
493230
1037282
2404887
489402
1188369
694520
629366
247443
684249
335590
1562386
559590
1151845
372012
632903
621115
805014
1146691
973368
1175028
641228
527362
2238844
548612
153
1559486
1268463
219693
256
464444
351251
471370
1138835
1424921
1412327
398331
637450
1100085
676325
743476
1416058
918252
687982
1339263
884908
1022811
457202
993170
395222
865180
629680
622257
324929
1114931
1323325
630214
1651759
262535
1059840
556138
244952
852639
855881
897144
134572
617091
912972
1133923
530467
793252
293485
343004
1440123
325200
288021
1160619
244
396501
159099
867119
435563
1121521
651329
222999
939983
557136
218867
999118
394760
1700856
113115
291937
412268
731230
521666
1653324
164
435507
367365
1300070
199
309884
816600
1142560
661143
485148
802343
369780
640542
1089066
685734
360161
668315
778821
1729813
747835
1092905
1115786
300320
163524
631152
692028
377108
107634
405130
180072
987254
310739
313812
906691
1203606
306074
526027
760805
1245081
199897
243229
450041
353352
456022
364885
2949119
376533
438528
931031
1151707
919090
231334
378271
1139698
1144775
819384
374718
158
244563
1424194
392939
911042
1196675
548499
1039240
168791
544233
457201
3164386
601795
1031392
594867
1334432
721664
1581869
1221119
735810
544892
253937
733530
239670
573911
796994
265125
600658
641678
698904
196
1167171
348368
157
631937
741950
2371312
497029
225837
1174904
514498
151430
285169
245319
703645
601591
2275796
679794
832242
319176
1678193
373963
280820
764026
447320
1196437
145666
861371
96106
660748
730326
464534
1889028
1289614
501064
1038555
450191
467502
1097050
840400
339879
267726
441043
428834
880895
544913
1257164
1006707
151
744928
818609
710156
920120
644795
492210
881347
322941
466161
456308
174704
1023631
605925
577015
285868
1113839
320098
199
562599
253575
606297
681176
413807
455648
795265
792440
456322
709452
801520
231323
732512
434515
611598
318004
620368
450864
1309897
2042346
1374936
525954
772552
1806744
470026
565571
316851
531845
333450
461441
1096331
600903
926932
713028
912461
140789
1685774
409632
664261
855066
883669
1453303
632803
1608707
1067451
213021
288271
769799
494704
907038
964465
1417674
1926849
518406
1402875
1108210
586960
667254
302072
305648
1231448
477231
1193771
110494
691344
441965
1102243
338856
789812
656634
272624
220716
1296203
1158359
1109704
307657
408400
2747483
198423
1498706
1435281
854328
170247
190495
232192
361109
465900
714166
1425725
1680078
536605
1394197
213794
556415
179410
782359
1296747
262424
453684
917941
1088209
1602870
549228
771780
436588
1071899
157806
350218
949766
1358448
1361242
2286912
320650
689430
843147
1555938
6646
643760
791981
1063787
836129
354592
610628
1965807
1526162
548011
1251636
1330193
594671
667137
1484361
468941
493116
442127
643614
583910
1549977
562858
262381
1461605
376567
566877
696888
2232244
114352
367107
1072587
1622109
1517576
351380
452880
584088
514252
822030
1105472
856732
705654
522374
1144289
1245230
1295878
382632
623144
295296
1244825
2005824
714234
1216182
510992
1189391
1132792
283553
522686
2054066
246742
710289
1621138
400160
309068
691358
365875
960059
924797
785467
532126
988527
1002391
677828
991841
38595
422574
2241092
733232
653086
1443098
370228
930004
166580
110340
1501648
578503
741997
429423
884855
557938
708152
1368399
800753
1175634
819350
1655307
387368
270426
375091
594669
261822
491138
1750257
639158
685046
233
1252610
831049
343870
705428
856809
657678
368565
207650
1177434
984186
636481
755964
1918143
155095
918911
557026
1341585
1079549
559238
1240303
531319
902089
1503315
548012
166
1180097
477679
594182
916338
897200
1212724
1393101
593034
391474
1238935
1363563
247644
579564
1006134
175
184931
970229
125145
1289812
266320
260088
1332055
289270
1168620
522274
804248
1309848
517408
197958
480492
561484
114824
454337
559233
1141315
914477
611270
877090
2581498
669155
770352
762686
325298
341297
269754
826740
1165561
243384
1311085
432527
406982
864616
1387173
1087541
900435
1492204
1832209
1478000
72239
236051
1602326
634721
1471254
838000
502682
1036697
195936
470659
192137
1794381
814285
372076
652239
485881
680182
652945
652960
854450
1199457
619938
146585
2223280
521977
1006771
977862
653464
1768622
82815
602138
715406
965710
150
569192
222042
945870
669556
536021
921489
969763
772477
293335
207034
1127569
921093
265150
485067
778713
1506973
878364
1576104
708739
790304
928532
129890
386059
984398
688485
576481
1335752
886568
847095
1172760
246847
871103
384171
755375
1247219
1159263
244756
656912
903868
744256
1148310
2024958
1076516
802699
592945
215641
954759
921609
538131
822648
2928397
1024963
422029
1064960
3418491
718448
1619990
718987
646341
662950
1790298
2391961
317416
1681940
190756
816554
784927
2289756
362576
1729090
706063
379633
206845
491661
751307
543497
569767
321455
680845
346749
374222
339960
834885
408308
350587
466442
989054
1039536
1258802
2178746
260965
411807
2835142
565747
285876
1419827
599674
206179
1554641
191347
1831007
622254
965501
806297
1395003
640568
2367882
1137616
431731
668228
892789
1200310
246768
410736
734188
527958
801148
665781
241881
1968665
1725556
170589
594390
127610
434735
1041127
137190
936057
858653
1498131
42208
498914
456674
815298
640413
963724
1262301
273628
291345
1083678
1445315
887423
789746
648125
732089
351126
466923
1262112
297211
924479
693478
763977
601916
78875
497615
264361
1027469
438238
1443338
140244
890877
213740
3484356
1815338
1016547
791816
1169884
462361
776415
204293
417664
729920
345626
889465
2450003
213
807631
349926
582918
691626
1931047
912895
810379
1149621
1099289
1015891
572369
970577
135648
755207
426582
656952
1188099
1149146
146062
1598005
627266
1613747
646028
469568
1263101
1652714
303561
686543
656546
432187
378135
1295017
775284
1011060
753219
130902
1101750
2261120
534727
551718
796366
200190
594707
205454
1120708
896996
2336160
3054260
1627444
1621172
819781
548808
1365027
393206
874484
609381
731047
1017996
1119929
601142
554925
889363
1620376
294622
840904
175448
563523
1298149
213821
757960
592005
248
884877
3411552
796819
792984
1189710
1246432
1761592
620505
768719
306652
1565636
816361
934881
135500
1874423
301388
955712
1091930
1748490
693696
122588
570754
466590
415152
1469215
910313
946118
637367
1356112
625125
1572164
1105107
1556136
456481
258972
1193281
399570
212435
1012806
1112241
353598
254846
2142350
1562029
244
562712
811001
294633
333059
202
638378
335792
1551905
84706
812234
573987
159088
658392
377102
2045708
307800
1458686
1082943
642022
1442587
489132
493690
1473089
1336795
407993
592025
939081
491074
1140621
755119
426827
1533916
2898346
1742686
1535047
1161433
1200652
309985
503520
557945
704678
484724
1207318
1231547
213
463298
1132525
1701763
931367
604228
316029
533411
1558469
386024
178483
238256
913117
1170419
594131
878039
659458
197335
803935
402807
2889946
500858
1338903
688193
1336352
1302127
921431
1198468
226012
205128
674268
1256666
937897
1081215
2045904
329657
2119878
1488546
47727
950877
738139
634126
746666
757015
827140
930662
354819
401715
399248
438629
932763
923308
398808
1634399
1329907
681047
1940890
770090
215192
1343293
1331413
1293862
472383
643509
503
417749
1230237
580513
1230718
463991
1272673
661340
1130776
555355
774866
234880
986213
800160
793169
1225255
744326
466679
791641
519643
498601
1329148
1327953
523374
1133349
850737
838939
942623
152
234352
463508
587843
1433154
847973
928415
1372409
1063497
1286536
619842
327186
744432
911106
562852
1540498
874856
507906
990117
547195
133506
578330
390555
574738
708189
939096
1216940
304316
1005783
668877
4419828
406542
312738
1447738
606172
2069567
598154
431584
844122
865676
971598
662967
531001
1241238
1188055
474776
1390941
1811713
2082091
2808332
360241
915291
153327
305914
357805
431931
730562
868823
612324
1929921
1249674
2355757
772953
2293144
1020994
1539130
1285628
1039716
1469392
768843
263652
189590
1587402
1249439
2021267
487617
905613
519298
1500740
233248
312974
707226
2048829
1319077
366924
501481
1541917
730478
757397
523016
626236
884809
221953
3227134
975338
560547
497379
893729
1725029
857721
83516
522201
663166
501841
967912
866861
883467
1050562
1196846
735892
1871705
995866
1569766
668088
828356
987062
882630
1248829
975361
620628
524551
386117
906458
801398
1674293
261033
671709
736951
545812
773424
595133
358270
510424
1171041
1644344
1948789
911853
1189849
344198
1266418
1950159
1122413
1089572
1756917
343148
713351
1221946
782547
2112588
887886
353673
1364341
1570914
647013
496882
532741
740284
3489485
934074
2473210
467021
841387
1317996
1292375
670308
1288130
977255
1397302
312308
677973
1488110
728372
675192
795894
1418336
211775
363895
2541396
1117356
847692
341941
231
253021
626927
579961
679985
1019968
639121
357922
511663
390942
484052
748487
3070899
194
1478566
802455
508419
1110936
1893829
843796
295391
1037722
835486
857977
726925
1129281
634798
1158973
1882824
1069936
150669
1423042
453747
659684
1111438
1264830
1404623
1361066
708325
1068309
740359
769168
791107
1298643
588267
1230607
610000
413352
673876
809045
1567482
691290
810627
1797083
1455635
2911688
1520697
3206617
679784
1058262
1301867
1571033
832292
1315172
2794660
1264984
882146
1252997
1294418
1084774
1566305
317544
444747
200622
1631318
332842
1278112
201305
1296370
911261
885140
801444
593179
704333
512750
1433968
757159
1539237
246611
372320
201524
337309
1462984
806061
1981332
1075145
754017
1635425
678301
1341268
1083099
475953
597599
959625
474309
731945
1318981
1608479
488051
1118563
938012
1628943
2143606
1209791
797403
292992
1948869
388494
564784
3057799
888608
357770
573672
793594
308060
905528
984375
1090133
739820
463150
937751
1537013
381767
1476342
259820
1099556
776331
345113
1518615
1025927
466207
1688063
684519
1018149
907603
279573
1410061
1092891
250430
430
1365585
1353701
1558046
267
313618
787328
2613450
1073255
312611
909229
404682
1950913
2130585
256490
643162
373091
373106
976323
1040198
1259965
1206767
2671847
1121784
645128
713824
1816295
640375
600507
236369
709666
1459871
205921
610163
111947
1378148
156
802417
462230
800672
492394
1251437
1841044
544803
2445737
722827
1059592
249
1053209
583835
1445881
695499
782220
453766
751392
499596
1010587
916751
1218254
373440
896412
501650
478520
1495242
637824
744572
1105851
683656
1033315
315681
566823
1146182
257604
172080
489462
1157462
706327
918018
137001
1095973
1183222
816187
696070
87596
1699602
278303
736687
1161653
2137468
532363
332351
942831
1176409
1260930
812818
1680446
666899
1065003
808102
1732642
1107478
208181
452479
774957
819062
1695399
1534481
732184
565062
1435896
881024
1153693
2285236
1666182
294926
683118
566644
992004
630521
1588899
1305189
732561
569608
1226000
625930
348581
1532563
2257288
337815
2052319
745277
1829506
1241408
796843
983661
250392
1637599
1606310
1471542
840849
888920
831019
2082530
457390
1837106
541588
1266604
876987
1924734
1164773
764940
843480
704512
554846
292245
916524
849402
207245
1177343
1003522
1270417
159699
845652
126542
2206928
1094757
1436774
691637
819161
600469
1451415
1821433
897388
489418
2835887
1453542
320899
580799
799466
438714
1354044
484925
1454979
784724
2551792
855138
1187128
1582948
320198
772065
912316
336517
1517908
657580
2128607
2123611
642003
526853
2120178
372904
866956
1532351
1555972
1490408
218
1873876
879396
1083248
2722367
1211503
827522
1175057
1940905
582560
962105
939177
731298
303911
1589264
1766025
960381
996703
2074711
1840869
823500
1950250
1524106
919373
253851
1462061
361838
516329
357273
935002
2590554
186846
1501211
390086
556935
228669
1395524
1013547
345357
850342
987781
341092
522556
846552
901293
1738217
424945
560758
1660782
1251795
303731
1071358
1797479
1137352
1073820
1147190
2094653
552451
2308065
286198
598207
145140
556669
526692
418663
2186073
2087111
805466
115159
970859
177327
636628
922928
929449
1020106
785991
1518408
1033378
6189328
1751884
3484246
505913
1266725
1992961
1126065
1283787
1540067
431077
1053891
1572890
398496
300898
1200594
1175183
2538818
697303
901311
435363
1319689
1312731
893921
2501210
298850
889042
1531352
728535
996587
783602
1565387
3635738
544030
1394495
1493240
1286382
824550
379784
1096322
196813
928111
195
626168
206953
1062954
2645207
1519223
163140
376518
1578476
2046777
795836
568362
280918
2099742
2151663
1266565
2327742
1047574
622063
1014916
492021
682779
2110114
1443628
662622
366494
772156
1184392
1191560
729664
486622
880438
455862
2546601
966314
893399
1377982
1653427
1357315
397732
252837
229
944573
1300580
1752169
448924
1217631
1115859
829712
284374
508942
784741
1024326
335127
897285
1165993
1116400
1464292
750063
788291
3811056
1342673
1120563
1321080
566061
503101
1993118
694837
308539
1361156
1391178
1444418
460927
484583
2185316
1249618
802387
621102
380449
1658326
513738
250
635542
776491
1256310
1127539
1075879
1836923
1488794
2142176
1261058
1288783
466985
578105
831350
534814
274256
373414
1224033
850338
762619
1820477
380788
1469614
385213
366520
393868
1963389
429074
978678
992497
1890651
1306531
1197151
379428
949049
1670455
295988
680730
1050243
438506
439930
753059
1474601
664333
674951
1178853
542619
1004025
1529053
1125519
1603318
959713
1178227
342174
2027979
890456
349463
395319
374765
695982
886573
706004
929692
267365
880
378484
1641367
881856
2054537
726605
556446
666857
1216595
2099698
1537353
1104973
830648
447836
605449
313196
763227
742342
1156869
2382045
1151397
425668
805303
1257282
1815141
794721
757457
194
862270
1017904
1724326
1130018
1258175
1480955
1849053
694123
3104704
746102
266856
1186327
997639
1687115
480990
1018887
1638858
1181010
1987204
427962
494380
1666370
1376405
462051
944485
856003
1860051
2144792
766852
338296
452850
1860782
1860385
1228495
943653
1226527
675824
1865942
372619
870078
439047
372088
1197598
3365239
290789
1359372
1264651
512850
424480
840197
1128894
440466
1345160
644784
872101
988164
1604947
1227149
110358
663909
830492
956184
1693840
368902
1044463
812262
1129965
767077
1482693
1503926
1381286
1045411
1411786
836733
607986
770280
519306
1327926
1046848
1184809
489036
1204801
1916394
880870
353811
1023099
1887685
1058067
1310029
968621
1675715
721000
732042
1130589
2939842
1849535
1327465
748450
606456
1189172
2002659
1403287
841863
1218448
2215598
4482650
662961
2502904
2079305
590505
827936
464323
651950
1313554
1358692
3135782
326705
1122576
443724
1608965
468315
1557146
478560
1305118
268936
465908
1845434
2139294
541114
566767
612119
1379634
1048485
455285
1524415
1039497
1839244
1063516
625927
667195
493625
1867735
232369
413016
2587355
319020
451430
1377350
835824
3062961
819590
1092205
504410
238
3522006
685981
575513
1109142
830949
1017292
1662381
1598754
1689255
533490
421883
297971
1169190
1211978
1604993
2132823
372323
1353616
704363
641470
2156972
849913
869843
421043
1225366
441125
1093051
818750
369522
948279
523954
2014830
1108106
756200
1337186
767482
566648
2135426
1962446
587993
1373810
1269591
497448
1339407
1290701
626896
810566
1175908
420870
937865
1515663
1018286
1556607
907185
273079
1419481
1088883
1667839
485702
1171140
836720
3544354
3265057
401871
1881792
725765
1305561
613385
2257975
89
4038262
915609
415039
1044378
1192359
1865970
1620298
827325
1250180
641582
760294
481620
775897
1114469
910518
876643
684983
1146041
600756
1132115
578541
1654903
1684081
547504
1054534
994828
1306685
605511
4834311
210738
1831817
1393572
1382813
507705
1731890
1526680
332007
1551488
2838269
1411479
341624
995101
1033156
1196827
755859
1651077
1926837
1043381
2360478
772720
1027182
869716
3133385
376257
764928
867002
450659
1904244
3802446
1040829
1730787
1097868
908575
779771
2197142
1028094
754539
1649427
699052
665314
732781
1300595
176386
1445176
1212827
975675
1813064
1015868
1245988
635138
2174002
2511771
689864
2403779
1617319
1131314
367487
1761972
1025836
1246918
934323
413189
670072
923684
706571
1717330
405717
1053220
121
1313827
1413947
1412647
372252
641361
566711
1193109
2147721
847806
382887
472219
527
487221
514147
784469
355625
741505
1583155
1518566
1477674
1851063
1681158
1462508
159447
1300215
902173
609801
578054
1332951
1486009
1629001
1486742
735943
1116605
1055916
1231458
449282
1418252
745700
1015967
1371904
1948496
695878
1041855
628725
669444
553128
965492
146365
1592888
204
851649
1504133
1875084
698605
1279703
579097
2325063
1911650
476293
2407021
585556
1603176
2050135
1049403
1006856
208737
609465
955823
323440
1550492
1312331
1718233
2861743
1062972
2345182
413274
437339
603075
270199
317939
682998
793438
3489689
2909274
981174
1728088
1126964
1192746
866159
1335384
1006104
861195
1327580
559364
1924296
229908
691946
861798
383717
831709
472566
1175677
1663268
1161877
715878
801362
1353179
253125
729956
2268525
961122
1609291
528595
1755622
842912
2322522
442542
3321919
801461
844402
816937
997900
2096099
525629
1834382
495684
701066
486990
530694
489005
1076090
296987
2076523
498137
866850
1265795
1188272
1365267
1262955
1249140
1012658
940429
1729405
965182
495378
300200
1701376
676057
1524819
243996
755874
2232006
1354148
1336195
1282243
914176
951113
2623232
578717
1379631
615219
1140101
385747
1261138
2023831
1688612
667217
725024
1372899
1138161
616351
721590
453312
294744
580017
1153439
536687
2300317
970070
572779
963094
1575301
539811
838325
2566678
656992
717226
1054446
1656230
1631479
2830070
1433844
473461
595730
2341048
699464
1375628
1699529
863071
307017
497875
2398044
1170246
1677066
2214668
241350
685635
1144250
1257480
482926
442161
1403370
677910
3151317
1745427
2420771
1211021
1521844
687169
1092707
1087826
1665700
702637
172304
1211601
8264016
665001
1503011
1560824
1088015
970632
795035
474754
364521
384174
1482870
2465337
1349424
1552843
1206801
2409318
1492843
1293317
2637780
840861
2532957
1013687
1213918
2018899
1061985
1293720
820340
433396
1544509
1230786
629354
1003231
1168023
526731
1059403
647737
1155787
1157295
696542
2501010
1058957
523513
277303
265697
804999
747608
1452904
2579142
849637
1063489
872676
703273
711347
1257734
1138407
1567473
1402358
1201292
2573732
558268
523005
434372
1611495
836318
842
1069390
1539413
3067949
1177923
915194
931798
517418
1975244
531371
828954
1271781
1653696
1766112
826158
1857402
745034
830640
1508520
2091123
2260376
681033
707039
846543
588727
714098
1770936
253976
1310288
1007694
1396170
794325
756783
545621
1000446
278275
1114816
731550
951156
972020
1474878
364422
815735
1340383
1115356
1177081
1158440
2283651
402920
1761363
295673
1209551
975036
10489
1214796
1451009
513481
825218
552057
725260
1142469
674471
221993
6626322
383079
441496
1448797
418196
100610
2411731
488168
615519
292469
724638
1089230
912473
648875
925594
1352499
1777030
546894
683489
1381594
1171721
1059031
640453
935918
2015848
1217945
772561
782808
1726458
3464696
1522053
1313827
2376044
2229679
2088136
1012970
1373911
754130
1858412
2565488
401005
1995509
2078053
1790229
1372232
1505734
2983299
1625085
2697652
472474
1130511
1932171
3551795
1418692
1568982
856194
199023
889350
1542699
411377
1093573
1743682
1232839
1971738
1311242
888954
609344
658388
1029044
2051066
599239
1040846
412383
1377448
1501494
1503670
394276
1562482
1148173
1472143
588347
1361356
581319
632581
1337794
1769495
146721
477520
1244049
1426918
1258117
693698
1049185
522786
1450087
694742
1549120
1033285
1318425
651186
790082
1285982
2019768
432479
745655
493227
412875
394565
549659
1756786
1393008
1863461
431235
984203
1031088
2153975
1012332
1806877
1038161
1801534
1988487
353136
814051
1111721
1279798
307155
869419
304676
2091773
1219332
1139142
902930
1030122
1164550
1257806
420272
880013
600116
546880
1447722
2194555
784905
689129
417487
2492310
2515364
111320
2455878
3513797
1450745
633790
889550
827360
2298104
2115091
1283862
5229042
957392
1954732
534166
911159
1764428
598336
1111223
2083645
803826
1564335
1732985
2233909
1323806
1495329
2384002
1208486
800748
640296
1299656
1020076
1095500
726171
658629
818785
1265390
2640307
366913
1026531
545327
336585
697714
3235936
854353
2362591
724913
332887
1853160
1046727
892375
2390146
916267
1324608
1779646
1311349
1574198
2006039
1258730
2611882
1396488
1152017
1325368
1280893
1140591
837212
1246216
1932841
781378
1788475
2531173
1249083
2722310
1196836
1910705
4273206
3081523
424094
743398
2613486
994286
1478296
2002237
430306
732213
596150
2506746
1587860
883053
2963019
1866715
2280662
457816
494471
1447465
928608
536355
1693892
3520558
1986219
1147396
712505
1382119
807794
689054
912660
1751557
3126496
1183514
1226007
1967316
976114
1279140
1717906
1788536
617554
913585
351898
1525657
1891387
810471
1191902
2101913
881940
2143156
623780
380252
364977
2082079
5401200
579616
1644637
999077
1261562
2377701
389494
1078250
1079376
2467710
1502745
759407
1657581
2830465
1608808
1163681
1669859
639176
1066938
2550647
1063247
3479963
846578
1929169
268758
2485692
828477
1663554
1759352
1019195
412887
551588
1968579
2367295
927526
1601728
1122990
773563
1086331
778874
1930621
1331044
1583045
1432473
2004712
600638
1306780
1958665
887051
887920
1497346
1403551
2425546
951611
1842298
613414
1346439
2935594
1761822
731863
1531604
1330523
1287684
389312
1854062
785209
957811
2171088
947550
489286
908101
1450812
712640
1293546
2013564
1106978
241037
2591400
858620
2413894
5168731
1462211
537776
1182609
489749
2188417
531042
1292503
1096830
1375513
1660317
959008
848740
577214
1514178
2761266
1397475
2071424
462340
494390
3171910
1577249
397032
1062123
2129927
1809880
981204
1370757
773145
1027836
1047745
366114
1196017
2177828
3178534
416674
1047590
2296977
1156512
1230348
1120322
765344
686043
1138549
2145086
1633282
2458552
1634891
2184598
1059480
920613
396991
2277919
2467537
440982
1492178
4182529
246139
501855
917322
2646681
2881340
1583671
2064460
1664512
1485210
801584
888083
883110
940587
354282
298575
1001476
893424
886876
757427
647531
168
939720
1015423
1260798
377863
4091523
760133
1523377
849646
941722
237740
682679
2968115
1293812
1112230
3066635
3118462
665028
1148367
901551
954105
2388694
3307869
549973
2330234
3956345
1232305
1145900
1539770
1767262
379369
2293713
1541642
3099386
1724115
1678661
1061549
954310
2204304
2238320
1390721
2416352
821541
931196
669350
2863327
795792
1720122
291846
2062455
541867
478475
509180
340221
2517012
941025
648363
2225121
2147705
1797124
268885
737771
1363464
791442
1620533
1556244
1548136
1032017
1562968
1221470
397549
981260
282
450436
1471625
1351777
600587
1171788
1526786
978882
905095
758540
282075
526714
1831111
641724
511527
1025596
633739
1255190
1212190
1524568
3610142
559286
3106237
1037348
989072
1595766
1966990
2341476
784881
731578
1098519
4117478
1224331
1145082
349769
1017778
791679
1387964
1064547
2871714
1326800
1669684
649859
1422185
1044406
747559
2235928
1354144
1098393
1828063
1093057
549400
615631
1733980
1533477
257737
1624739
541466
1070251
2564185
690239
1448568
871375
1341270
404473
1341652
804474
1154300
1689731
2012901
786064
1217310
478530
868171
1123314
2392256
1731930
1365113
959128
533602
2599121
1696796
600873
2456680
308902
1420768
3271374
1548122
2021615
998772
233758
615970
1215990
1054105
486953
1036664
1940831
877919
1665684
673825
923149
2903630
2234876
2562965
1140290
2426552
2540578
733698
326750
3636380
944396
973833
658254
628484
1340712
2016019
746133
1208682
947888
978653
832733
1041599
2320219
1944959
2131755
243
4288596
2374944
2481822
859141
1006935
1703417
1826468
587070
1482758
783124
797697
2999565
1152597
2274833
976336
606405
490135
1399358
849309
838253
1013078
483670
419358
1447967
1514068
731345
770706
1567029
1830025
1671055
662243
1141770
1510038
505617
892685
665478
1116731
1506712
709378
2701540
246
563322
935741
1358740
859485
4018934
1325297
1403254
558460
325028
2296529
2738897
540269
956127
910627
2159546
719077
649204
190810
2726086
1829428
2385774
504305
1686048
2456804
1765443
1538600
1311177
2535776
402815
1072859
1259965
1527506
1225990
1228040
582923
1560366
1246056
1028771
1828241
1122024
958496
1984766
1139972
3151315
3254513
882886
485307
820758
1504046
1787043
1853374
1141915
1481381
1988159
2123612
3419207
826892
1152014
930114
1071737
981242
1581446
1100331
1230922
3251091
790579
1257377
330864
2201998
1193843
1686842
661718
170282
2220813
2902867
823578
1531444
1915316
1100490
1106139
1615832
1287754
892656
2069159
1050094
1904609
1915198
1099322
1510316
1527714
652460
447755
808974
1562261
489419
1379089
552505
2352802
2027685
2391989
741762
1487611
3100616
384325
1595043
1238249
2354065
300252
897078
1542087
437749
828752
660986
1715905
2784070
583149
2032367
3085746
1391936
831135
336399
1646403
205
816146
1165060
1328043
1738450
432310
1999178
2918602
969180
1770833
392937
556022
610433
1899275
432336
1047317
2743806
3202272
949179
2026271
911851
650562
858178
658955
1177176
573150
2264388
726392
1453633
1925192
1015372
2260317
3007184
2420909
465067
1424505
1670850
2876248
558400
723730
779823
2268230
917044
1391050
3781602
898205
746685
1076150
1882635
247443
901059
1612003
166496
756885
2545198
755032
471660
1387938
755448
1824006
203848
713394
1396796
1106061
739079
1500904
1291977
340858
1551370
1838723
970063
1343892
1307361
1005145
1012008
2330378
1233788
1386189
1618496
1693240
537039
2308495
1751821
2471024
984643
457900
909636
443452
554474
814645
1290600
2307407
1208625
1667830
787230
2016333
509887
1311136
2002144
1383391
1204636
1629891
531503
801142
1047649
483178
1828084
1330200
1740968
1565057
1428717
2081396
1058979
1483818
508016
1089955
1432338
1948030
907778
1592703
2253702
854215
1032096
2099880
1642779
2351757
458410
623097
1251841
702128
1697302
1010344
898611
1627603
1954025
1062905
1525359
1582826
2439769
909394
899152
1871416
1410984
1203952
1023411
1191340
3173699
2029544
1018710
834241
880862
732539
802970
1309355
685790
759737
922681
2441281
1840979
3423770
4009367
1299673
1539054
592243
926411
267103
1095235
1345110
743138
2412030
2560282
1935318
1280116
1431085
2135276
2303190
1202781
1370598
2235061
1664297
1158609
576317
1459717
2106790
1419748
1108226
1132595
1422874
2474409
1104773
1202895
2516603
965570
348199
1207788
2252766
1730087
1421696
1581670
1499968
1965587
759844
1137285
746252
1062327
795023
3937611
996303
1074899
1321308
2108324
2478147
1571662
996770
1528495
1561855
2495007
940822
791364
2051463
852139
238780
1415224
1709366
621854
894446
1879666
1719379
2040363
1412056
1602651
1116094
1195360
3717048
531903
1234679
354028
828582
1226513
587347
1413874
1369222
2343969
2073241
471934
1501380
1327099
644129
782591
1094508
1683366
863604
878082
2449868
2700455
2670725
3959761
704090
880587
2800607
942299
1800342
1122046
658243
2243873
1233990
843224
1546871
1494309
368433
514380
1459076
1791443
3458129
2003192
2191200
989584
341455
142047
719841
1243948
2549756
646344
150480
1561395
1375313
1458341
1472368
774549
2079578
685464
902108
583947
704674
1181819
951083
2791392
1857342
1992517
1204640
660462
353593
914503
198499
1407843
1343879
1208059
1464155
514533
2229326
1577041
1313159
497629
1900538
1620553
2312205
537293
2359586
442167
2363504
3089568
1746546
948682
792403
1940351
2633740
874439
2943239
1068797
306784
3192978
2698974
2083268
1787527
495793
1958377
1884336
2821119
212768
2946535
2681700
1331553
1267304
1050173
1303226
669514
2090741
882546
480447
514371
2493132
1013995
3407620
621452
1039454
874930
1000648
1510180
1195891
1089103
646777
2178079
1093046
1045902
2112855
4007066
1136403
2743075
802208
389066
924955
1222266
2654417
1621719
1855899
1763472
1349305
2083733
1956969
2451997
784273
563157
1605252
2811854
2150085
1838203
370516
210435
991812
1015527
871381
1680868
1502630
432743
3072424
1047047
1593624
1104935
2212937
1556370
906362
1024797
1296430
606681
1510390
1116823
1564898
1932549
2046844
1907802
1353246
5365083
525781
1331835
1045343
1091816
523701
954277
952044
1205890
1413596
2509908
956908
1742584
1897739
940873
1650516
592985
1504508
2928135
523785
1116449
1104601
1251964
821740
2432083
614964
2056325
318762
1269677
1906257
1612977
2084079
4136662
1202387
1090420
617153
1393562
5522131
2740311
2642217
292180
1797826
692415
1090135
990960
2058377
874853
1730566
1026841
918619
1080949
1037900
2384666
1911148
1594405
1358873
2459485
1344738
822323
1268293
716537
1899936
2077337
2419180
5436220
700878
1232630
2065890
1356517
1991692
3427470
679543
535536
1479307
2408743
3733241
1261844
1608898
3013766
1352006
1525866
1971951
3303007
835413
2139285
2156967
1033342
1272893
679698
1189493
768523
4321204
1109397
1857325
2207245
1071013
980013
1546952
2360032
1752353
1213213
1407162
1301540
206173
1854338
782927
755493
508537
1271267
875861
945098
1220956
2000774
781918
2309468
811348
1639773
1419508
1150608
1717726
4204234
235970
1819383
1947125
1300241
3738023
1639089
339108
480317
1187070
801459
2153906
1212199
1031600
260852
715217
1866261
853551
1501732
1111457
1100069
1481037
1162062
1465506
2261623
821618
948933
1524644
1709469
2007965
623
1954761
1113295
1115193
867798
754565
511370
1041405
475557
4106137
872878
1270506
1747087
865875
1958447
1349960
1349265
1502733
2176882
544166
2128117
1785178
637934
541162
554996
4181530
580002
868358
2885040
2777014
866204
1649378
499767
1141209
1080538
1597623
2445265
1162732
2237731
778895
2225337
1372473
1061283
2104358
3179143
8745858
333700
3277715
2262703
1201369
1884091
2210302
968700
1920252
784674
981709
802391
2265117
3878090
640093
1577988
3854965
2335847
583691
2097679
1692752
1625212
591208
1193012
1700039
490
1554503
2280589
1491586
1349423
1631688
4013584
3131387
2010942
952061
1553239
549170
1201484
786930
3599177
1611870
1902307
970380
2935921
526398
454624
1168952
1951137
2271703
458010
1630248
653499
1716296
2793199
1381815
470214
2534026
1397903
448811
608569
423954
517347
902965
1774223
695604
1791215
3458357
1030419
1013492
2283959
1008726
2279965
2352218
537863
1560646
887328
2717422
1139937
1654920
606771
1094097
1009454
2893826
2044366
2154415
2387863
853133
1797568
3081553
965888
2394193
2130567
1685860
1674484
1972643
2356716
801418
622248
2403022
775468
1097653
848834
2135986
649935
2071433
1556038
1063115
1663383
1100606
1212196
2357126
2235308
2467607
1928300
803217
988025
5173487
1911435
673795
969186
1072100
801606
1419309
719975
2935226
1367182
1578659
555192
1622940
1096551
422796
981758
1927625
793905
532714
1682895
1041658
1127762
1159177
1411752
1424222
2308333
951698
1177719
1417016
2533996
932289
1823390
2750581
1507108
620832
1286332
1291860
2223957
1879848
2401841
1510434
1532
936260
1238298
2836705
763718
936403
1475529
1662796
2043644
2604171
2251907
1344229
1782678
730412
796461
1296494
987172
1022278
2660733
1986448
460574
1300993
958315
2666034
2393231
724079
841476
803901
735775
515120
1063070
1261068
1522027
863974
1057534
879545
2201176
1927906
221271
788666
1466009
2453911
2162719
860634
2232194
1323629
1355491
654903
1376203
1589656
1020730
1795544
2140833
2775695
1826551
1445297
1190003
649610
3776592
688388
1361613
1235047
1586639
2216342
474374
2364833
1359831
1869722
1202512
2100099
2004246
6017055
681291
487650
2075826
1456876
1613450
859029
596156
622497
907704
928807
1396952
221
1301186
1347097
1842181
1313770
3226588
1342969
870682
1182892
1738347
1737489
1460416
194956
855424
1982932
1109345
1545517
1286676
2709458
2070076
1099678
2100629
2746483
612582
3619952
855984
881650
1269433
1938619
1504601
1849101
2174830
1725265
2406474
2063295
981460
734061
854283
449915
1140480
232
1317843
1048072
1673445
1415372
1844718
179789
1366346
947321
1705789
254836
583428
1484329
1389889
920678
1489943
1042197
3806326
321806
4299936
475660
1254197
1853874
865801
1415049
1088072
893301
1521887
870859
953917
1102475
1982178
2563823
1364521
837308
1444159
790831
930861
2263757
3382492
2954128
1782179
1256917
1210927
945542
2821444
803187
811865
961693
1967295
2482663
1156293
1517980
2063207
1753592
1851257
2464230
1959676
1067234
1715499
1268109
715037
1094460
2743170
2034146
2054534
877050
1749864
2462348
1083615
1437611
1173466
3683173
2463994
1629449
2862762
2706662
1452559
1630995
2725276
3029773
1423751
1537644
2629991
4068626
1876917
1670248
1439275
942451
1457935
2742888
1477595
4116149
3160269
918679
1022793
1749934
1720682
1397047
1114954
5057825
1604595
1297230
1048846
3083985
1562653
2315970
1270775
1373393
148235
597280
1815723
1096926
2701726
1982036
1825989
544307
2469002
2358781
2415520
1039978
2256952
603385
1769278
2017383
1383495
1097807
1199690
460029
1064956
801142
1792599
2038630
966083
1456764
992025
954109
912427
3359662
379561
514043
2313836
2203609
956679
1492523
2137874
1016832
441846
1131749
840073
2126446
637218
1878352
462714
1239129
1751605
1248581
975712
1326930
1652158
1507027
4377760
1000544
1113773
421404
968957
1705333
908907
686633
913916
300168
2411236
1921517
530452
403331
607426
2905966
1194738
1213024
1827480
1643396
1753458
2353857
5827488
2355836
999784
1560861
1850837
658147
819539
1023434
1596259
769987
1843533
1098019
1320816
2302146
4094499
507551
1252299
1369637
1676618
713983
3220268
352682
1035667
2803029
1279661
1356781
634437
781425
1961370
952480
1790551
961951
1502190
1741417
371418
2877681
2829501
820411
1352052
2360958
2893211
2814282
1017299
805684
1063793
1910872
1862559
968866
569240
2345652
656702
1057586
1049485
1319464
334869
1895695
5497929
1769634
2408658
1234782
1117046
1323652
1089689
391202
1868031
705861
1891286
1159064
1334211
2170168
2734630
2209351
3123807
586477
1893462
1921909
3369919
863524
949714
1096996
2340150
1367700
1257597
2016835
2496010
921713
1887636
903405
479850
4103690
5972895
2798771
1395047
1757931
2002913
1055104
2727453
1111064
1595605
1608140
262070
2461936
2922843
533431
1194825
4870588
1006993
1905684
458628
380973
554623
4263348
413447
1989420
530554
1115415
662863
674014
3642543
956378
451924
3375997
2202967
664902
820598
2135117
847537
1814369
2481712
1790150
1804119
817273
1108891
2257458
3583845
3553220
1969468
1446241
575969
2095747
1014072
1050618
6171023
1707002
2426108
380266
784758
1236712
1722819
2656340
3038018
2328654
1781190
2417366
2192482
2111158
1769699
1301439
1887464
226786
1508739
1237024
819274
1474777
1101442
2955562
2348109
1038410
1428926
2085227
406177
2960553
2552593
2864489
1267410
2638651
2117986
1306658
2045277
1138023
3289122
1836315
2010354
5061165
336413
1895247
1537484
1400200
1306994
2569375
1447351
1022352
1036935
895671
602575
2488763
2650927
2029700
2694863
1175986
1489682
1169986
864197
1335298
988024
2250746
667407
1162083
3148523
2672136
3155323
2963911
224
1847989
723597
2218407
441188
1364837
2662002
1725670
739008
1633049
533760
1994240
2322758
832645
969355
1352589
905886
1244798
2125002
904261
601889
582889
1681301
1013777
1922363
986330
170394
726156
1323129
964824
826582
1069602
6593427
3913610
1542869
1990238
620589
1529827
1093824
331337
978368
492956
1120431
917136
1825377
1992295
1683192
2390717
2333098
1298800
1464221
1175325
1449654
652679
974789
680720
433982
1406947
2916095
1478282
1340326
1553415
2615801
4206313
2181805
515821
988525
1351442
798019
422107
3074681
1446435
770065
1519454
1860786
1192040
1756841
2032760
2583935
562069
768116
3393736
1884880
3773367
2593869
1323529
1389671
903852
1446003
1075295
1721260
1467737
1330831
3458737
756585
2215336
1390645
1595600
859780
912649
1553602
786443
1857323
559233
2400235
1032533
3238700
396830
2850878
976633
875355
1634099
1652367
2046323
970583
950198
1050996
2826033
1437948
1372154
2408516
1016173
1364577
4002100
2253195
1238966
806954
1142309
2172778
1240472
422747
2563156
1723434
414855
4781080
719279
923486
1873280
1217791
1300580
3033213
1641814
2580210
1296405
1642677
836109
1807137
1628087
1307238
1075057
1183374
993875
604634
1329163
993591
1852054
877794
456298
1425590
202
1643263
1878945
883244
1896330
551472
2804575
679261
2321574
1445960
1179672
2421149
1171723
2055696
1609803
3376698
1476788
1765157
1800178
918181
2846599
836673
743462
1321140
646079
147540
1123409
2426963
1488689
817618
920916
1230194
1314364
2245770
2331716
2705600
1602025
1603976
1698212
1786018
2055397
3349567
2926840
2748602
2425405
2549108
698086
1241917
1594293
2229989
1896632
1895883
817829
1962910
2423888
977205
1911145
1681992
1770093
1312784
3644593
436489
2798462
689423
967709
1631023
2492120
1731154
1290158
1617559
1606742
1014410
1550248
3446053
