0
27645
30476
63261
20530
20261
70808
72306
38299
43491
56636
114409
43119
42404
38917
28745
89893
41811
56034
25904
70314
33675
41986
17411
39040
56985
26111
67533
43034
38591
35754
45789
56224
62630
37897
41151
44965
114551
29150
38336
54978
39585
30655
22255
16726
29605
31283
69400
35336
58239
35834
36229
24885
48229
56164
57296
47352
67175
56699
52245
56415
63728
33064
78010
38313
59518
53818
66353
46346
61777
36150
70729
22044
20470
91719
32072
35899
31679
47121
69395
35546
26494
48939
35132
31726
63025
67254
43180
49132
55112
37651
56144
50023
80304
45371
22093
40271
32854
32185
59554
55656
29556
48134
20553
40209
70922
45973
33744
53951
27236
37304
28729
49219
50150
61991
61393
91627
44852
53587
37049
57828
53393
102644
62608
50523
68074
46779
139118
45947
43131
28844
60943
73489
35741
29393
37155
62325
53235
106305
25009
35846
43441
46453
34952
60835
37084
84663
35463
49736
65456
31621
40997
41095
38564
18077
34012
53196
29334
46433
35940
24169
57749
26940
48332
42360
29685
58679
48585
58042
60881
33388
29597
70116
55697
48629
61450
77714
50028
44960
46080
55023
31984
37403
66807
53734
63809
56015
50351
32569
49903
54221
71534
54018
75421
36586
58111
22038
24303
44623
40607
30222
52922
63828
53052
44781
42726
43067
58372
56661
30834
19007
67106
49628
48364
58701
35388
76621
55629
59084
94619
80439
69964
39726
68649
74143
47299
67010
77710
48983
60542
43839
27447
52600
46048
82036
63116
62710
64327
38088
46380
28244
34418
45162
95837
50196
62928
40716
47505
43047
59285
29775
47886
46657
74829
51218
106782
54215
97718
68117
48743
52139
68764
69146
30937
46414
80654
52494
38037
37082
41317
43170
69781
55396
68971
57779
153930
55850
62446
41777
44964
54802
63455
91222
44185
75880
64549
49803
52996
52146
63704
69188
42373
34791
98617
62107
41274
146092
27387
35511
69658
58071
75476
52256
20192
100545
56312
69982
58943
65858
48407
47499
20784
43571
65280
36304
79127
52055
102415
67367
56810
37324
101765
79285
45453
41965
46375
57904
38158
87070
44851
40263
50914
82806
41124
84850
42008
62503
43870
70794
42264
52330
82073
78735
37689
72421
62963
40816
47592
82754
72870
21320
100613
100634
33623
24860
41427
119354
62321
45903
67749
32624
27990
132392
85799
46740
80657
52496
50245
68539
54889
72771
55886
28802
83521
61905
52238
59497
53227
33148
110698
44247
53656
53830
36357
59405
75530
125275
52408
47875
84743
59151
109995
91770
46096
51351
54699
63668
61597
52145
47330
67138
55117
55369
45831
74585
112691
53888
71126
50306
69811
140936
82235
49859
116630
44718
53894
68116
50173
65765
62230
68623
98786
62793
67457
65678
57168
62457
72826
67081
59261
93054
101315
46816
96306
57900
47649
60687
53500
78051
53630
27933
54856
58299
53306
42271
53627
129319
35670
46516
40921
88365
68919
63850
51446
53820
63186
85020
79930
93957
90243
63668
109509
67522
50970
72539
35367
104629
48802
120900
60506
34656
66846
114249
50113
44720
56790
113073
101120
47567
57151
43395
120056
78574
76221
63917
88358
71586
58139
68422
60761
69164
51087
75775
89382
67122
108828
64240
54532
91450
53284
42915
49053
29698
66870
101036
76190
54614
126829
49682
64502
52395
72198
81962
82438
104513
67616
77610
28501
71605
51028
111517
96457
159851
43307
66567
86643
79019
46743
67278
64548
114425
29201
70871
78791
108555
79324
78758
60806
50839
93495
73148
86291
85941
62497
94777
59593
59123
69665
78895
49263
92495
101665
72509
76847
31774
78208
54938
75084
84453
85612
73371
29737
48010
94485
46371
54992
63811
62329
65020
58917
83154
91860
64203
80454
104976
93453
65174
67351
43191
60518
71152
48052
82967
64548
93163
50184
146187
84467
58170
56433
36600
129704
69074
67761
58270
51669
97561
54546
128595
62375
67790
113013
58680
85585
121456
136618
42785
87105
75623
67127
61682
51704
59898
42141
57643
64200
63670
91030
75953
90265
130729
30133
65687
51472
114785
167539
101849
112437
62412
86318
99910
58546
102059
126938
75822
76202
41938
55886
122720
59734
48057
103361
57059
100792
109400
75168
127566
86551
63674
65487
60697
81130
85360
64465
89243
61245
75389
74045
114617
64646
78836
113818
93649
71289
83010
139243
100462
70560
80592
78077
64823
51006
130841
59701
62314
119765
65319
70077
71111
88880
73978
66482
37302
104018
69308
68841
70607
59524
61048
111751
58718
57994
66583
103215
68801
85434
71825
70986
61991
112423
88276
81602
89825
99426
84499
93173
49786
83002
116496
117374
62539
63084
100614
62901
99931
76791
92814
107659
105600
85956
86195
49513
66709
106960
75458
109905
104832
77627
140342
87861
62457
93161
67649
71261
72053
53082
54082
41870
90117
60936
110774
77025
66820
122188
67005
74240
58932
113014
87256
62980
114509
78501
89587
62539
108359
53557
59286
60508
98345
78883
73877
37833
94204
99852
86202
76461
70920
139853
57409
87679
81847
112671
82037
83481
67046
69620
130087
104303
57820
78683
66591
107183
65426
55900
70712
68236
175321
59498
62052
93005
65250
86275
83674
60021
99013
95430
66838
86304
64475
168525
114474
110698
80267
69190
78331
87127
78885
103017
62327
95445
118004
86924
63928
88079
67378
69135
96962
91870
86560
76220
81461
52932
121667
46337
95604
84121
199883
53392
130095
69782
102113
179850
89568
60985
82399
84577
95028
56925
66278
65411
41898
84164
46447
61388
57313
68452
119440
62762
96829
78312
95809
59177
75175
73187
59527
97795
72258
47996
109733
103587
90676
75744
93656
82811
63252
55082
72583
98480
91483
82842
92965
101999
62359
43067
66312
84908
114196
70633
83263
89724
95373
145777
73279
56680
72894
101592
105615
94456
67415
68509
103560
101392
115403
117895
53604
119949
176050
58913
79685
46056
74276
171714
72885
76650
56507
102291
34148
76329
86803
117261
64493
85488
75169
83493
87852
109048
100199
70522
79107
89243
133692
92423
75120
70395
101277
123722
66719
126337
55976
86363
65666
83076
83300
169658
76133
90375
65676
99619
77897
83765
112125
57160
107028
83939
97519
93689
153293
142173
83160
54650
127883
101302
146243
86613
71828
65521
78042
87388
82001
69097
92176
110899
102983
111789
100207
89914
87946
85848
130715
104645
73170
111314
93282
79666
103996
74806
110486
85915
106848
74657
124847
102052
87516
95468
82568
63731
112690
95883
97319
154343
95297
58356
52806
75887
82001
76559
45366
125757
175469
110350
