0
125
0
0
272
0
216
0
0
179
561
306
138
0
251
372
186
206
290
0
639
0
175
149
0
300
0
120
36573
120
340
779
303
157
176
1113
158
488
119
460
61555
1381
230
13429
383
215
0
124
302
52852
0
363
0
184
0
0
204
3759
946
217
463
0
184
0
0
166
141
0
0
245
231
0
213
52445
1185
197
299
156987
334
255
1035
0
411
243789
214037
204
1533
0
0
152
0
0
0
0
421
505
167
189
408
0
36530
0
476
0
0
368
173
481
1375
0
0
848
0
0
37075
19898
147
569
151
0
688
119
0
212
130
350
266
0
0
0
238
0
0
0
122
0
0
20122
130
47252
205
136483
199
346
344
0
188
0
187
14641
50306
608
0
184
0
172511
0
0
0
162
0
0
243
0
0
305
423
196
543
543
0
544
0
0
450
319
0
121
197
0
0
0
119
205
194
0
147
1591
0
305
451
407
304
22437
199
127
220
0
155
298
0
411
294
282
314
0
0
119
537
0
0
0
59623
0
0
47745
1562
376
228
205
295
0
0
316
358
211
47943
0
0
157
1207
183
0
0
20583
0
386
167
166
450
234
93
215
0
531
148
572
309
0
0
0
437
245
38864
316
319
195
0
127
241
0
0
615
184
192
0
201
89005
168
0
17037
138
171
395
275
41874
469
0
223
0
712
0
0
489
0
0
256
174
646
106551
781
0
0
0
231
0
369
3473
294
0
155
5492
253
256
0
39220
275
0
0
373
0
0
187070
0
626
0
0
107
0
0
207
0
291
190
6044
165
0
152
375
348
431
0
171
279
0
0
0
125
243
265
118
297
0
191
14119
34512
0
125
0
202
183
0
108008
84894
526
8755
554
314
0
180
1329
0
527
0
165
0
181
5920
122
296
0
0
587
177
236
0
183
166
49466
0
224
0
260
189
0
0
466
313
0
276
263
356
31707
0
187
0
474
0
0
588
825
168
208
0
217
0
561
0
0
521
167
209
403
0
234
452
0
13140
447
0
0
0
260
167
341
372
521
292
0
0
33070
196
31509
127
0
170
209
109872
34340
279067
0
0
156
118
559
0
0
0
0
0
195
0
174
0
0
861
551
550
0
55581
197
657
0
21877
323
0
0
122
281
0
178
0
180
240
191
0
0
0
7526
137
178
283
0
167
336
15191
0
0
0
168
0
0
21311
0
120
114
1933
235
191
6302
188
322
629
0
153
284
0
333
2491
186
2536
0
142
215
117
348
0
0
71838
0
0
338
1579
165
438
219
0
335
186
444
0
239
880
461
343
0
0
0
13727
0
182
463
159
210
1366
245
1037
0
424
0
184
666
11406
0
128
0
521
0
0
139
897
219
0
0
407
151
0
0
121
196
303
265
180
1010
438
422
11206
0
182
159
8063
0
402
816
357
163
0
1705
219
0
0
3488
0
232
88
5072
1091
0
0
0
0
0
0
159
0
146
0
308
0
0
0
502
10319
0
0
0
210
249
161
617
411
195
184
0
2389
170
4478
287
0
430
242
120
176
242
588
0
0
0
290
143
257
233
195
207
291
0
122
0
169
0
0
636
388
83752
368
0
412
189
688
196
229
0
0
708
165
331
0
0
0
537
0
0
0
262
471
0
882
0
0
245
0
176
114
98053
59868
0
281
451
314
0
1206
0
163
220
0
0
335
0
158
184
0
0
482
252
193
0
242
741
0
669
256
417
94
351
165
429
34865
3215
1112
197
0
258
0
158
0
388
0
0
21555
332
200
0
157
194
0
158
0
608069
0
0
59901
0
229
0
241
269
142
0
276
7895
206
0
27840
0
0
363
0
193
0
0
196
174
0
281
213
0
0
199
0
656238
446
304
0
660
83284
331
0
0
183
684
0
0
574
19232
0
111245
351
198
0
0
0
220
608
138
0
170
25513
6678
0
187
544
348
408
0
0
0
1018
19555
395
0
528
0
237
0
775
5700
0
359
133749
118
187
0
158
578
1084
164
0
0
253
28663
224
0
0
14152
0
562
124
0
109131
0
492
872
5400
200
1919
715
0
322
195
174
204
21402
0
701
0
1378592
163
293
264
75966
0
242
0
0
4189
173
347
171
0
156
158
139
266
880
0
0
7553
0
0
1081
131
0
0
0
436
167
0
429
0
4529
1048
0
22201
292
289
284
220
195
0
0
0
0
0
476
288
193
157307
353
163
170
369
0
135716
595
111669
162
227
140
515
187
208
1829
0
0
0
498
35904
212
0
482
156
1540
0
215
280
20953
193
272
335
371
0
586
0
4387
0
382
205
14352
41964
0
0
0
0
186
0
0
0
952
283
0
206
527
0
0
329
179
246
19949
1252
340
0
0
145
193
113
219
0
0
354
184
309
261
152
9261
0
472
255
115384
440
52799
201
6654
172
0
0
137
0
0
17049
430
280
356
740
293
0
388
0
374
0
122842
1262
0
733
412
0
278
13078
1617
0
126
163
660
0
0
210
136
26921
369
77826
251
0
767
189
290
0
0
0
0
299
536
282
0
229
51912
73814
1016
227
0
1146
0
0
414
0
25695
187
914
129
232
44888
1184
176
5338
539
0
0
397
245
8893
0
0
151
198
15834
196
180
1751
504
251
82675
0
0
0
0
0
182
4321
0
0
443
0
296
184
176
218
310
195
170
0
120
121
41575
158
0
0
0
0
0
0
343
283
667
358
259
295
0
0
176
0
192
0
3926
32296
160
0
194
0
0
0
0
526
67645
495
300
346
0
0
0
423
207
0
0
0
1577
166
463
0
204
446
11716
0
551
168789
6659
301
3700
1624
0
0
610
0
542
170
674
349
0
0
132618
1016
887
407
114008
120
0
513
378
134789
123
196
120
0
297
0
746
0
221
1262
415
0
0
665
85274
194
0
161
0
193
257
0
308
1625
698
397
207
383
44264
219
887
178
0
118
316
117
186
253
190
1036
220
1038
0
261
0
0
326
167
1117
854
182
128
0
330
485
33014
0
231
250
832
180
0
320
120
230
0
0
0
2889
81
33779
0
1664
248
0
0
271
505
0
307
0
174
155
160
0
0
368
116
311
542
0
255
622
5023
172
0
242
7723
0
217
165
338
261
28833
120
0
0
0
0
204
816
0
305
117
179
0
0
337
183
394
0
135409
2761
92101
0
0
0
398
0
196
0
0
0
168
0
202
0
342
0
0
0
0
565
38112
368
152
2060
0
862
119
0
0
194
200
20427
0
32822
0
0
212
298
1125
626
355
24615
227
0
0
0
524
125
184
0
0
0
409
0
186
0
0
563
212
0
170
434
0
185
155
0
536
426
0
471
0
184
0
0
352
8504
0
1433
213
1321
7128
800
0
225
0
93
595
242
536
494
356
341
5603
495
152
0
312
176
19374
185
0
299
230
156
0
167
430
171
0
0
0
0
214
81850
179
0
4458
0
0
42395
269
5698
397
806
0
4331
576
409
223
78832
86
500
282
167
187
0
0
466
0
0
197
332
207
588
673
372
161
0
0
0
0
0
0
389
0
431
0
524
0
0
83572
697
190
0
0
0
0
0
0
0
6915
288
185
0
198
0
0
998
167
126454
266
56819
242
0
314
201
49715
227
1041
374
169
0
194
0
0
0
0
0
0
121
45208
0
613
0
196
436
552
0
0
446
0
230
0
166
0
0
124
0
0
257
0
304
225
0
215
462
1133
0
0
157
211
0
36817
237
1224
0
220
176
0
0
35026
254
412
261
200
0
210
182
0
266
320
0
508
0
38054
74845
3405
315
0
683
415
635
0
160
276
0
0
66531
181
0
0
5285
253
117
276
1472
195
167
0
295
0
183
0
317
0
432
0
0
17165
373
0
0
0
0
0
367
6178
199
0
0
994
964
124
155
86
313
43286
189
221
0
118
0
0
0
3346
0
166
218
17347
335
0
2277424
311
0
748
0
455
467
575
358
0
114
187
0
0
221
0
4996
284
459
59361
1082
0
22631
351
0
319
105411
0
0
209
0
0
0
0
332
186
167
0
0
190
161
215
172
0
0
423
149
55841
0
276
0
0
204
0
177
123
338
119
366
0
385
230
0
172
0
0
132
0
0
0
0
729
470
0
0
0
406
0
0
223
219
261
648
179
160
0
168
171
121
0
0
0
163
0
161
345
544
189
390
516
0
0
60692
348
0
289
161
352
152
196
75623
85561
28421
0
419
164
664
410
420
233
99
535
164
27443
0
0
262
176
158
0
0
0
150
156
0
56342
194
1254
15412
0
0
4441
0
0
573
84
0
67208
36551
0
685
0
222
0
163
0
0
0
0
0
0
310
0
887
85
149
0
235
1536
271
0
212
0
736
0
0
2649
0
327
329
0
247
0
246
354
0
304
319
171
0
0
341
0
370
1121585
179
113
183
15038
326
0
789
0
65094
161
431
107803
322
2249
264
2089
0
34582
0
0
43739
0
0
219449
0
346
257
0
160
705
118
553
0
154
537
147
201
0
469
42495
0
1160
281
266
373
0
1343
242
0
265
0
0
193
686
293973
0
313
0
239
0
0
0
0
302
207
0
549
0
198
348
349
231
257
201
0
0
0
0
0
249
473
189
0
0
0
193
138517
71959
191
0
0
287
0
1933
0
30239
8508
0
181
194
0
173
50781
0
384
16660
21004
0
0
248
0
0
0
0
354
482
0
986
705
792
11581
0
121
0
168
0
0
321
223
27768
246
347
405
0
14659
0
0
0
0
0
332
220
330
120
15039
0
333
97
41419
23280
412
51167
0
0
0
200
325
0
0
156
203
109
215
38043
118
0
172
118
570
0
391
25096
0
491
0
0
147
970
296
0
897
197
238
0
153
397
475
0
797
0
570
146
0
240
0
145164
0
0
0
446
0
240
421
0
0
0
629
16139
189
0
208
0
478
201
0
245
194
830
418
161
0
334
335
184
36429
0
621
154
17191
0
0
0
225
347
7460
0
182
152
47194
293
0
0
15108
0
258
0
360
284
0
0
1506
207
19377
0
0
167
345
216
0
162
0
516
0
157
188
419
0
7609
174
0
213
188
187
208
166
1230
257
0
159
632
397
194
146
0
472
205
53872
0
0
0
177
4859
705
260
120
221
149
153
0
155
540
261
0
0
0
380
0
0
0
0
188
0
152
0
234
18462
0
372
393
0
0
1111
0
250
395
0
0
0
6899
4088
0
198
0
0
0
202
338
0
135
218
271
797
345
245
185
355
6238
87
179
200
435
199
0
193
0
420
0
0
163
0
603
431
122
554
194
0
0
0
0
0
378
0
0
491
0
715
172152
0
7823
0
416
0
337
331
193
1081371
176
0
0
3426
259
334
0
2599
0
626
284
0
857
161
0
0
0
0
87
278
50773
815
192
209953
282
681
389
0
120
21017
0
36970
0
597
0
291
0
0
0
185
0
290
2928
0
232
0
11979
312
0
0
176
0
189
211
832
180
46351
32575
159
0
1224
10905
205
0
2739
193
1386
0
0
669
10844
123
0
166
0
123
2368
467
0
330
130
103023
7834
0
174
0
0
0
193
0
0
203
423
139
176
517
966
226
136
180
525
194
0
196
0
0
1184
0
254
464
616
0
200
0
0
540
0
325
4710
0
346
0
283
0
13678
209
0
0
0
10398
0
377
0
0
0
0
567
108
285
577
212
156
59186
0
403
306
720
193
0
147
119
197
304
262
0
0
18548
156
190
283
174
16448
197
0
196
3062
85616
0
1021
144
0
261
192
0
0
209
95964
151
338
0
119
0
235
250
131070
238
0
0
0
518
317
284
0
144
552
0
0
0
0
20450
0
816
521
639
0
516
276
0
173
734
227
155
217
0
166
132
26021
0
369
12568
0
0
645
270
27895
4968
0
811
0
0
295
1473
2859
0
128
0
0
0
234
363
0
0
238
31792
330
129
0
0
0
0
40511
705
0
0
28241
0
427
0
0
0
120
274
533
0
345
0
954
0
351
0
205
119
2079
1074
13674
304
455
0
0
0
164
271
0
317
0
2177
496
0
1519
0
491
603
0
443
0
0
0
0
0
309
0
0
398
0
0
0
352
225
325
1166
0
651
201
0
228
469
0
921
0
0
0
244
232
2259
68972
0
9871
75110
94829
1783
335
162
43906
203
166476
0
0
0
5279
351
146705
182
181
347
388
780
0
0
0
177
233
177
793
0
181
284
188
0
0
155
187
978
335
500
5430
0
282
655
0
42418
0
365
287
14133
0
0
462
14935
570
69908
224
0
0
855
469
6433
0
320
0
0
158
0
142
0
0
0
390
0
0
268
188
401
0
366
642
242
291
0
0
197
2029
20664
0
893
193
385
0
173
165
0
172
299
310
0
0
166
85274
154
232
0
278
0
0
182
0
0
208
411
156
381
286
0
0
0
209
201
0
0
0
39102
180
293
298
181
271
73559
432
378
369
270
0
0
11651
336
20362
0
358
1165
48107
0
265
178
1650
0
60713
213
341
403
0
1471
27389
0
0
195
345
0
0
0
557
297
208
2444
0
0
0
755
0
228
23571
0
204
26134
4713
0
0
243
187
0
118915
197
0
0
0
0
9701
354
208
53652
233
233
394
0
0
266
166
0
687
0
483
0
145986
332
5178
181
670
0
306
0
119
93
121509
486
1418
0
0
0
0
0
9388
160
0
9312
520
249
0
0
0
157
268
202
174
0
0
0
0
244
27028
302
0
0
0
201
173
185
486
456
456965
0
252
180
526
1689
0
885
125
3780
0
355
0
187
206
0
504
0
21834
122
0
218
0
127
0
0
1681
0
0
184
0
0
240
0
439
94920
376
176
571
0
0
8369
0
491
130
798
82
0
513
106606
671
582
1290
484
61536
171
6310
190
0
0
222
256
579
323
266297
77354
320
173
0
415
128
45140
525
584
163
115
0
0
61966
0
456
0
0
0
634
101
0
486
0
390
332
434
0
91377
442
416
120
331
471
0
0
439
479
534
0
118
170
213
420
597
476
361
315
0
0
0
288
2551
184
0
89575
257
0
351
440
502
304
151
481
210
0
678
0
245
0
156
152
0
0
0
0
351
0
0
0
0
0
1164
0
342
204
0
320
0
0
0
1380835
162
323
0
276
150
359
1699
453
0
16647
22972
186
111
0
292
0
46749
0
44026
442
193
6011
0
1290
0
0
2519
0
93981
969
189
1171
190
342
3195
0
0
0
156
0
17829
0
126
7821
29868
465
0
770
0
0
169
535
279
0
294
872
0
226
0
0
187
0
0
0
0
321
149
1188
98742
117
0
0
190
0
253
168
0
246
377
0
0
0
152
305
377
60007
89
8519
448
0
389
31028
280
322
0
0
359
218812
0
0
192
15268
117
9417
0
204
270
0
665
0
0
587
0
374
183
674
170
556
131
0
264
695
0
0
0
0
0
332697
0
282
186
0
0
0
468
363
0
31307
311
622
0
32178
93
188
481
0
0
41867
87
0
157
420
2219
28454
335
0
422
155
19853
441
0
160
645
206
0
0
369
136
426
458
442
0
0
0
168
0
0
0
28136
0
0
3458
0
204
0
0
26401
368
0
0
311
359
1695
0
0
392
162
445
306
516
251
0
0
224
0
165
199
474
0
0
0
169
29042
0
0
45562
0
199
386
304
0
243
196
236
0
0
480
812
18162
0
369
160
0
237
0
77557
470
298
9079
214
128650
7663
211
0
0
0
0
88
0
0
10383
0
58729
0
121
375
472
414
725
121
252
0
0
30716
0
656
0
199
0
0
0
24878
0
0
292
487
0
0
0
222
0
285
363
105
463
286
586
4876
445
380
0
282
163
396
2193
0
0
0
0
17195
15410
0
207
0
4367
205
308
135
1230
1852
1021
0
0
28425
0
35935
351366
0
482
199
0
55799
524
0
0
0
388
0
0
202
163
0
187142
42166
0
0
0
0
176
0
0
156
329949
5589
0
286
0
303
0
23325
372
274
164
0
461
0
199
302
0
1965
0
504
774
2291
0
0
351
420
0
483
0
0
324
0
0
338
0
1063
0
0
0
164
24308
617
82003
0
96072
1430
118
31062
0
166694
270
0
498
182
87643
368
0
0
277
0
167
453
0
29272
1051
343
422
309
267
1115
149
677
2675
543
0
459
0
243
16712
313
0
0
2636
310
206
59008
268
0
198
214
0
166
400
274
92114
0
1526
295
161
685
691
371
224
360
458
0
245
809
648
259
0
0
247
155
0
431
201
0
574
2388
691
0
112114
15688
106
0
0
137333
101
369
0
344
0
0
12943
552
424
0
329
311
0
0
0
196
1974
0
186
0
179248
1027
333
417
0
586
0
179
34994
0
0
13928
186
298
1353
0
0
357
0
487
240
0
0
0
0
0
235
265752
81815
315
0
127
0
332
114838
160
317
0
0
245
123
119
1214
0
213
0
494
0
0
0
0
24294
0
631
129717
581
0
188
0
174434
82528
234
149
0
1271
28380
338
2096
30828
120
0
161
0
0
286
372
0
0
167
0
7799
1465
145
0
152
0
205
128445
0
0
297
0
6354
0
0
0
381
13277
64258
556
136
2830
0
546
232
2567
0
2998
380
466
0
0
222
166
430
0
177
0
189
0
686
3282
402
0
186
0
181
477
149
272
0
647
1075
0
21924
0
399
0
570
1296
117752
356
0
326
7227
300
323
267
116340
217
370
0
330
0
165
354
0
0
300
0
192
150
42181
21743
0
0
260
227
1955
9107
0
0
555
437
0
2097
0
161
408
0
121
649
341
852
0
0
118
925
506
0
0
0
605
10812
0
0
321
14745
183
433
334
149
217
448
349
0
267073
0
542
424
0
284
497
251
0
323
0
127
0
8570
312
151
174
3053
348
1156
268
661
530
179
422
369
121
1334
184
0
55954
376
474
342
0
449
0
0
1393
0
309
180
232
252
308
0
369
254
0
337
0
0
390
730
0
17342
170279
0
123
357
363
0
558
0
0
7089
105
0
393
0
0
575
0
3292
0
0
5077
0
2072
559
119
56534
0
0
197
103
4761
0
469
196
423
151
1388
155
696
0
0
0
0
182
1188
371
195
0
459
2292
1916
186161
280
21008
230
10523
190
128
35918
35150
358
0
0
313
304
65123
0
0
0
21259
338
0
1385
0
0
0
184
0
0
317
9004
292
0
113
0
625
404
0
63495
407
191
6267
0
33869
36118
1787
272
518
0
180
673
0
678
0
783
5562
121
621040
0
0
0
67739
422
0
324
0
0
5041
100142
334
466
186
0
508
364
0
398
0
229
258
151
307
231
421
0
0
422
386
241
284
639
0
179
0
490
165
165602
199
31245
0
0
7433
0
13963
658
164
174
192
511
362
0
2983
0
0
0
466259
0
405
50357
0
0
473
238
907
189132
0
88
29935
479
929
394
0
1267433
0
170
434
0
193
710
196
0
0
0
0
0
555
150
82933
130
181
0
4151
804
1387
420
1040
96228
478
323
5040
1420
303
338
0
206
0
155
0
0
1368
0
46753
0
339
0
555
160
0
166751
386
0
0
0
323
645
339
0
0
282
0
176
396
652
8928
1656
446
0
83673
1349
136
0
215
117
53679
0
520
3484
405
196
708
0
812
1255
20034
223
722
42806
961
212
0
0
343
168
170686
171
158
0
85
841
148
114
214
0
0
710
0
0
0
0
238
686
305
9561
177
0
396
331710
0
427
0
702
35477
0
362
0
381
0
0
0
0
427
301
0
0
0
0
0
12573
7087
187
0
716
197
0
266
575
985
129
340
0
416
339
212
474
0
191
366
1243
0
335
0
0
0
0
4011
118
451
0
352
971
207
0
553
432
0
333
425
86
176
204
3095
0
0
387
435
305
174
397421
4630
438
0
188
178
0
5219
1761
1921
384
528
177
143134
826
66980
0
279
229
151
641
0
0
0
352
310
313
112924
0
0
118
0
0
2892
195
9100
13604
0
0
0
0
0
515
200
440
575
0
393
180
0
0
392
0
408
0
187
81688
0
0
1924
63106
121
2094
128685
265
220
212
449
0
382
388
311
0
0
661
1604
93465
28480
0
0
331
252
0
258
0
183
122
0
1745
0
0
312
0
1360
0
335
135
310
39170
526
0
0
288
0
0
0
893
0
385
174
190
308
194
0
4021
0
0
205
0
130
144
353
67102
0
39594
1302
214
0
786
0
123
0
265
0
168
0
0
231
590
87
0
172
0
0
0
408
0
0
0
150
307
300
315
0
0
0
116
303
0
364
0
363
477
158
0
278
0
399
0
133796
0
370
364
4928
274
0
320
0
539
0
209
6148
0
0
203
0
12619
1531
397
144007
50388
0
0
607
176
0
0
7262
0
0
255
117
0
0
0
38851
0
321
0
0
169
0
0
177
6408
258
212
526
226
0
0
458
0
598
0
0
23970
0
16597
219
0
298
21244
286
223
1850
0
49537
0
38294
0
2141
0
238
0
442
170
0
1274
284
0
348
201
0
154
286
304
0
447
0
412
558
38090
140
0
13276
50266
0
0
0
1525
0
0
0
203
3559
0
139
445
0
0
0
251
1371
0
1182
0
625
0
187
37341
14067
262
2444
433
0
0
179411
352
0
0
0
0
0
182
0
254
364
28175
0
1780
409
54192
339
0
757
0
813
0
0
499
0
220
706
0
339
181
548
0
359
0
230
1202
0
0
0
0
0
202
240
0
0
246
19644
373
327
0
382
0
341
0
354
269
0
253
0
539
434
0
0
0
370
40815
0
0
33239
372
0
880
0
0
0
2265
375989
0
25114
788
0
173
9426
175
307
50101
352
124859
0
732
162
0
0
363
0
300
0
1010
28015
194
176
211
403
0
733
1849
189
0
191
200
0
529
0
460
0
0
392
0
2406
0
396
418
34992
11870
260
2618
301
4362
0
0
108
393
152
26273
129
385
383
151
0
312
43280
0
0
274
198
0
0
0
219
0
537
59551
0
191
0
189
488
0
0
0
475
0
0
0
307
2164
414
19874
151
319
0
0
0
429
181
377
15165
0
7519
0
262
0
436
497
798
514
0
16515
0
741
0
182
1464
0
8027
822
763
0
566
0
0
1144
293
6067
0
371
0
108
124
653
241
0
450
174
303
536
261
0
2364
3244
0
244
176
196
0
406
0
0
0
0
2632
265
0
256
0
289
185
172
280
355
156
188
337
0
377
378
0
246
634
0
449
333
0
160
0
0
237
0
0
304
0
535
0
167
10939
3161
767
482
0
0
366
90208
0
206
382
0
299
174
42467
0
85531
0
0
279
0
487
1160
277
222
265
471
0
0
0
0
6797
649
0
268
436
0
162
631
345
535
0
12688
539
361
0
416
0
328
0
0
247
54443
183
0
1749
3328
16034
0
0
153
121
0
434
0
698
256
5743
153
0
0
886
0
179
56086
0
0
0
187
176
172
0
319652
543
0
0
950
0
0
1708
0
355
149
348
48552
106724
7653
440
0
198
0
540
237
0
0
0
0
0
12613
267
0
454
4028
670
201
244
571
0
202
269
278
7975
0
1245
293
0
0
0
264
213
1482
0
0
83
0
200
0
0
0
0
518
712
14119
448
0
0
0
366
1417
1012
6205
0
567
421
294
316
424
0
311
0
0
64713
0
115
0
643
0
280
534
178
290
58798
7081
0
330
0
0
177
5943
342
0
0
0
372
0
0
0
0
231
145
0
1023
0
424
0
0
0
230
439
207
153
442
0
0
294
0
435
0
0
629
0
122
2572
0
149
153
0
0
0
0
339
0
103001
0
0
7224
11131
0
241
188
0
0
873
2065
0
0
0
583
0
0
152
175
149564
715
665
0
451
23372
641
564
0
0
0
1311
182
0
2808
111126
0
0
0
255
0
426
0
2935
0
179
0
361
400
323
234
412
168
0
21726
41932
1117
755
182
273
171
0
0
156036
458
14204
0
614
0
10660
151
0
123
68308
178
486
0
34707
155
0
181
373
0
273
31156
0
7477
0
689
328
196
334
1353
207
0
194
364
200740
0
0
0
398
931
0
16537
0
0
122
19206
18475
169
0
10922
0
0
0
794
0
207
292
528
0
0
0
0
0
1302
173
233
149
0
187
0
0
159
0
0
0
791
27772
0
25027
0
452
0
391
0
704
0
0
181
214
0
0
0
437
0
676
0
0
194
391
464
345
192
378
350
408
0
237
621
0
0
632
25941
0
0
182
0
3878
171
0
71642
188
0
14271
16497
3413
0
701
2087
249
0
0
0
0
397
0
611
0
0
276
1026
0
0
0
411
291
437
0
0
1441
0
388
2041
350
368
0
0
0
0
348
294
517
280
1002
417
184
4532
67576
0
0
352
119676
496
350
0
201
223
0
52068
263
545
0
48836
264
0
0
10997
289
300
481
271
109
0
0
294
997
0
1068
12280
0
0
351
0
1123
421
0
0
156
423
34888
0
3243
0
238
9045
453
553
10804
248
0
0
59249
0
199
203
106157
435
0
384
60583
223
463
4697
169
157
113337
0
0
0
35301
856
231762
4102
483
0
37650
0
0
10495
0
0
0
48738
123
0
353
4965
0
0
135
1030
0
0
8056
0
0
166
219
0
554967
0
471
148
0
369
1679
188
352
280
545
151
900
198
191
9727
0
463
93690
17027
0
375
0
0
0
0
487
123412
298
0
3648
2659
18116
208
450
0
0
9278
2142
0
0
0
363
0
388
0
0
0
0
33943
10104
0
85
0
0
0
15126
10378
0
0
0
122
3347
82
307
0
0
121
284
0
191
9497
0
399
1113
258
0
0
32309
0
175
50985
875
0
0
1121
0
0
311
7965
9611
164
346
0
226
294
0
0
678
5416
13404
0
399
309
2390
0
0
560
0
0
0
0
0
468
0
19547
0
168
0
51519
0
0
439
36043
247
310
389
418
111
432
0
0
0
0
0
0
0
472
111818
118882
1177
0
0
175
0
9532
12606
0
406
0
23712
264
2011
949
0
33942
0
234
0
107
3952
36522
1476
279
0
0
31802
389
0
255
13834
0
1387
124
545
0
560
10088
510
585
898
187
374
0
3362
0
849
0
1043
32889
0
1211
160
0
0
0
187
394
119
437
269
0
8040
0
267
1824
28331
7887
0
43355
219
507
332
0
1015
0
266
0
0
0
215442
797
0
0
0
11866
266
500
352
0
203
198
472
0
9934
8578
376
0
430
442
0
231
870
175
44766
0
229
1520
0
677
38185
0
621332
337
0
0
0
0
170
0
243
446
0
0
61572
388
0
0
272
0
22423
466
155
279
0
381
707
583
0
2582
750
1186190
0
155
0
190
245
268
17800
0
0
0
123915
366
0
0
0
144
30074
8835
31528
255
0
126
317
15723
0
522
45393
124575
0
0
6266
360
0
1278
0
352
33965
187
2355
221
0
0
0
0
382
18179
191
93349
136286
0
169
0
0
0
754
0
2172
0
259
295
0
0
412
326
0
0
141960
1262
0
1175
490
248
646
0
0
0
0
284
402
781
475
464
531
140
0
0
116
0
0
0
0
281
599
176
0
275
309
524
226
0
62143
0
432
196
333
249
9408
357
0
3760
1003
0
207471
173
0
2012
0
0
490
0
0
214
178
180
0
0
0
568
0
296
28546
344
787
511
0
19690
198883
216
0
221
3178
535
0
3642
0
5218
0
13953
0
39243
134567
176
0
0
18992
189
0
0
0
0
0
994
11206
0
191
355
303
510
271
54470
0
518
219
451654
908
0
189
0
333065
373
0
189
22421
969
337
0
456
0
0
337
2020
85188
15565
190
154
202
8959
308
0
824
3663
338900
0
264
0
517
0
147
424
285
234
0
191
0
368
126289
236
0
5460
0
947
278
1072
0
680
0
0
22199
2701
0
0
295
317
436
321
4181
19274
0
498
139
200
0
185
245
0
302
13931
85
736
462
337
0
0
0
0
281
166
0
819
24147
16730
193
155
0
0
11382
174
0
394
0
0
675
1834
8164
0
192
0
693
230
0
0
1117
7127
436
0
650
0
96537
0
0
0
581
159
458
2132
172963
966
171
0
468
395
0
193
395
301
0
0
272
0
154894
6248
233454
0
0
280
529
0
343
0
1531
0
0
416
0
0
0
0
0
133031
180494
80
0
97083
0
1754
0
107390
0
0
504
0
0
0
0
152
122924
369
4400
0
184
228
5472
0
470
686
0
284
251
0
233
0
0
0
253400
0
0
0
513
0
734
0
0
488
0
2274
472
18804
1088
247
214
0
0
5708
3496
0
41952
348
834
223
0
2521
2079
0
279
51022
362
619
267
6701
27015
0
5320
0
351
0
0
0
477
23999
195
220
496
0
574
37711
0
570
0
986
0
0
0
2104
333
409
77509
481
0
180
470
122
0
196
29967
211
101062
0
0
0
0
0
0
0
484
450
625
598
0
801
61206
380
0
0
0
0
1905
0
174
0
0
0
0
0
292
0
3144
202
0
303
2557
0
327
121
65126
617
355
202
745
301
53927
0
93055
0
0
1815
202
79005
0
197
27108
0
0
0
0
852
218
15017
14112
17456
0
896
215
0
0
0
0
590
0
19750
1106
0
0
0
0
54277
0
0
2752
170
175
479
0
3423
1655
0
0
0
0
412
680
282
0
187
0
0
268
6762
2333
0
11612
0
1019
0
120
0
0
0
177
78829
0
204
1176
0
342
647
57314
294
716
0
0
380
78036
0
0
309
0
0
0
1178
0
0
22717
189
265
42470
248
0
348
137
0
1350
0
220
544
0
0
121
0
0
160
33587
901
0
0
157
0
0
173
772
286
1288
244
0
0
0
1008
38452
0
10439
0
4706
0
0
177
611
0
0
0
302
846
46857
0
3485
0
448
402
2652
0
0
0
837
0
0
0
176
364
115201
900
808
194
420
0
0
539
661
348
0
125
376
0
321
0
33154
0
19679
208
2515
24860
0
40362
537
0
479
365
625
0
33227
0
0
0
536
238
0
0
1061
502
121173
0
1442
1292
0
0
321
170
525
0
0
0
0
517
0
114626
208
612
0
0
0
0
10107
10992
119
0
9371
142
44389
6097
0
0
0
647842
35643
353
0
3694
0
429
285
721
1193
85382
332
468
242
1233
0
431
0
6327
399
1044
0
0
0
0
0
0
556
0
0
537
14075
66931
202
0
0
1129
277
306
402
1577
12035
7250
187
0
10666
0
340
0
0
0
0
517
381
0
52608
313
4299
492
255
248
204
0
763
386
0
1082
287
194
1980
0
421
0
0
402
2370
105716
371
0
1047
6443
0
293
0
167
103079
231
208
191
0
334
0
0
306
0
0
0
0
0
0
0
189
178
306
0
904
24460
2715
0
293
0
383
346
178
24261
625
350
838
0
9911
0
393
0
483
0
0
11735
84
207
173
145
0
14499
180
0
190
6151
194
0
0
468
0
390
376
447
154
0
2443
82
0
0
0
525
931
0
588
2885
0
3842
440
407
0
0
189
0
490
0
869
0
163
0
175
397
121
53079
1277
2965
0
824
318
136566
20721
257
0
701
0
0
0
11971
5657
14766
465
635
381
420
0
265
0
0
526
0
177
222
168
0
0
260
0
158771
0
111413
4186
185
508
0
8681
264
0
171
0
0
6141
271
0
434
40068
0
119
365
22507
1343
346
0
155
0
561
336
251
643
154
722
281
1220
179
1168
0
317
134
0
990
0
360
766
121361
880
291
11700
383
0
0
0
916407
119105
429
0
0
1172
692
1337
189
196
0
347
0
52030
0
505
275
321
16056
10652
521
296
340
645
160
195
247
542
0
491
91798
234
359
0
34788
0
472
337
0
0
2363
407
496
0
218
105
2889
0
0
324
1357
407
0
295
390
615
0
333
637
0
0
300
101514
300
0
10103
332
0
0
680
10402
0
360
4803
152
387
0
356
0
0
0
403
0
438
0
383787
1394
0
0
0
342
0
0
673
0
583
118
173
226
907
333
79462
353
75420
0
280
0
308
27373
24161
178
0
338
451
0
340
1454
291
0
0
233
892
0
609
185
0
0
12025
4125
0
267
40381
3801
0
967
413
0
0
0
0
1642
0
127
2998
527
208
299
273
152
0
483
210
0
0
392
0
546
0
324
310
0
22705
355
766
5348
509
337
0
0
385
37530
0
430
8585
208
49954
353
0
0
326
468
170
817
155671
247
451
169
0
0
0
0
0
7671
0
0
181
755
357
2708
156922
61193
963
470
0
0
98
932
3021
370
0
0
204
209
0
4873
1602
251
320
208
0
0
0
2990
0
0
350
0
52513
0
177
922
13152
0
0
0
292
0
0
164
0
0
0
0
0
517
0
358
490
797
1272
0
365
355
117864
0
0
1144
354
1883
9020
330
90
0
0
41312
674
703
298
0
116374
226
5879
355
23106
4390
119
0
378
744
0
394
340
0
723
0
387
83269
19922
869
343
12422
173
0
488
0
0
0
637
382
482
0
0
0
518
776
239
933
0
332
0
7171
270
405
83
3347
275
0
159
5318
0
12263
484
613
192
82
69003
259
285
0
1862
471
271
13078
2346
5500
352
380
449
669
243596
239
0
177
0
369
285
0
225
582
6932
1123
10447
0
70138
160
118477
0
152
453
0
0
0
529
850
0
53937
0
0
0
235
445
0
0
89
174
0
152
2563
16144
308
0
196
22505
0
117
272
754
0
121
272
539
467
11526
404
0
85182
0
0
0
6714
0
0
7257
0
6346
0
341
514
281
0
9684
0
652
38135
281
23545
301
547
362
0
361
117146
274
628
322
6149
523
0
57120
212
432
299
201
368
259
265
429
8841
0
0
382
164
2516
0
0
195
31944
0
560
0
0
0
197
527
0
0
0
0
336
0
0
0
0
59431
0
0
1691
349
207
646
316
0
0
0
157928
552
4694
0
0
547
0
362
0
20266
370
55020
106256
374
17175
763
0
0
0
337
424
798
0
0
0
126
0
0
436
0
275
0
343
375
2232
3804
241
498
0
370
0
103413
443444
0
0
17289
23873
222
206
0
0
0
500
0
434
8971
0
175
0
291
22636
358
1444
596
0
7654
1264
267
524
0
0
2849
6871
0
568
195
333
415
6865
0
0
83083
298
134052
0
159
200
0
1168
0
157
0
197
832
303
446
98
157
421
0
0
257
560
398
0
1333
390
0
67009
47957
157
676
0
356
118
0
20156
0
310281
44117
319
112
0
123
0
369
0
317
0
383
0
0
200
0
0
0
0
235
0
15796
117
562
11115
238
850
0
0
0
0
0
392
0
265
605
283477
9576
231
0
0
0
0
0
558
354
405
8010
159
27782
411
237
0
201713
0
234
206
186
0
514
0
0
450
0
383
0
150
0
781
455
0
0
169
311
337
0
0
481
2339
0
523
281
0
206
466
0
1025
332
38348
291
59210
0
0
7940
49829
281
553
0
7305
2856
0
201
0
3940
0
0
36774
244
664
425
0
672
52268
379
76671
237
527
0
480
10653
401
0
0
485
0
193
328
337
0
0
0
0
297
0
0
190595
0
0
0
468
196
0
64447
206
253
192
0
412
504
480
305
0
1344
215
0
501
192
119
325
24545
520
419
203
14973
0
462
0
79484
61205
22349
474
0
0
0
283
8850
413
0
143
322
427
207
367
85910
159
137541
0
0
0
347
0
0
20486
7489
443
319
271
15803
773
416
88525
354
7410
36920
0
0
6765
273
0
1180
0
296
616
0
0
0
225
0
0
265
1076
4324
375
312
0
389
0
23966
230
0
0
90143
0
0
831
6171
0
337
9269
13600
0
4003
401
144471
567
0
489
1674
349
299
0
218
0
0
6129
479
0
255
244
27654
429
511
325
512
20726
397
0
250
306
0
98
0
11515
14848
0
0
0
0
367
26017
2723
0
28939
243
0
1588
369
258
0
40432
0
421
0
0
3785
196
0
189
5303
567
237
463
0
0
472
125
0
2511
0
2199
661
87983
0
0
364
6029
307
87342
0
18719
5822
580
321
1195
181
0
646
163
119232
0
311
0
402
163485
0
0
866
7571
224
0
0
0
2966
0
0
331
0
0
422
300
4875
0
258
0
2720
0
527
427
0
707
0
0
12986
223
333
0
543
479
39154
0
7095
0
194
0
186
180
441
0
29253
49767
18574
0
40821
0
0
949
829
272
0
967
0
188
408
14427
0
8525
2568
677
282
34574
575
2932
7705
397
7322
196
739
246
0
663
570
0
0
0
1108
3176
477
0
0
2388
0
0
176
337
140
0
0
280
20745
0
0
0
0
403
0
0
515
60382
219
14225
347
509
313
367
932
0
300
0
16472
208
405
3084
0
179
0
0
0
0
173
0
0
102
0
9095
13646
0
353
0
286
235
314
204
190
3270
172
703
270
289
208
0
0
0
7194
234
1429
48083
1305
19631
514
158
579
0
0
37977
362
882
36076
17535
203
960
0
0
0
0
0
1539
0
515
225
563
252
200
0
13732
39904
0
0
0
295
0
252
379
0
0
0
0
0
0
0
1770
1374
0
258
0
392
424
0
109425
0
0
0
0
0
0
159
0
10645
0
0
0
454
392
0
1656
39407
182
158
188
0
0
1690
0
315
421
0
40322
0
0
483
233
33108
149
0
0
128
0
0
0
554
0
234
311
0
582
1215
0
0
300
426
110
0
203
0
650
0
346
0
0
393
6493
0
331
149517
0
325
0
162
171
122
85154
8209
539
0
468
5565
0
280
202
0
386
10826
175
0
1363
167
238
0
0
0
0
0
0
174
19941
473
444
0
1746
0
607
304
0
211
0
8262
0
111985
314
0
4518
340
419
0
0
351
147
44951
0
70979
904
397
0
85108
988
201522
0
13564
197
0
312
0
1444
0
0
0
4537
1314
480
959
0
118
0
0
0
0
111894
23848
9292
226
0
333
50906
367
47655
458
84198
0
345
0
1913
0
601
389
0
0
0
537
0
0
0
992
37635
787
575064
0
342
5435
138
123
1066
277
7688
2171
504
34102
5319
228
179
12356
511
587
327
0
226
957
0
0
483
412
370897
0
748
0
0
190
0
0
0
350
0
366
1874
362
322
218
17983
0
0
0
174750
0
0
146
0
169
257
154
132468
35786
918
0
7134
261
305
1580
181
244
0
0
11955
0
43324
1443
0
219
0
3953
85726
3467
0
386
384
0
984
0
97288
72913
0
9439
154
0
81148
0
986
376
319
824
0
0
444
459
0
2724
434
185
0
0
336
3148
632
0
0
0
19931
0
0
327
0
363
0
0
129350
0
0
880
0
251
185195
371
479
589
373
476
65935
183
7875
12014
0
273
0
1994
0
939
0
0
318
310
11016
0
951
31131
8697
0
172
17087
72996
494
25130
49524
0
0
0
0
6754
1088
0
392
246
22935
0
0
61205
18262
0
0
0
3195
0
0
475
370100
0
466
153
508
4245
24847
700
162
0
0
0
41304
0
318
0
1938
6796
5437
322
1993
428
646
0
181001
0
369
422
162232
0
398
485
0
158
0
41849
579
225
427
3831
5353
0
0
216
377
538
0
0
361
10889
0
0
310
0
505
7848
0
0
214
0
402
0
0
324
0
0
46885
1673
256
0
379
738
1906
329
1168
251
0
0
102820
687
1176
239
0
0
77620
1290
229
845
0
257
0
359
123
654
458
0
625
13056
0
99
186
0
0
0
130
0
121
8871
0
301
11476
0
0
333
661
17632
1129
0
0
1064
191
242
280513
2998
0
225
396
320
294505
711
510
0
42973
21533
0
198929
0
290
12844
2541
442
745
49540
0
0
215
0
0
0
3283
529
0
290
0
48083
20741
227
523
0
39764
474
0
0
0
167
0
0
1651
461
42574
288
2828
737
354
20331
0
12752
151
66356
3050
178
16673
348
388
0
168
0
0
231
3507
192
0
0
348759
432
255
276
268249
1266
568
0
28432
0
429
462
52934
0
0
262
205
0
365
295
340
308
57275
355
40566
415
398
0
0
497
0
185
0
485
10018
138456
561
0
6349
140132
0
425
0
0
0
26257
450
3719
1002
0
0
0
41747
0
304
498
1221
844
559
0
0
363
0
200
0
2224
0
524
444
605
2441
0
199
0
323
22174
0
441
16782
33556
0
0
0
0
5853
297
0
501
0
11242
382
78833
375
0
0
0
8921
315
548
440
1401
10706
313
4630
4691
0
381
7435
39198
1855
0
411
0
84376
417
1065
250
0
690
0
0
285
261
16989
270
33421
433
460
717
0
0
192
0
482
0
38637
0
7477
8770
14663
237
2562
17217
0
0
4508
0
5743
0
0
1760
389
8411
342
0
39402
399
0
0
0
259
0
0
259
112003
2892
0
0
0
0
363
25181
0
0
0
80
14111
435
0
320
0
0
393
0
2151
0
0
34219
422
0
2050
2414
1095
0
138
338
0
31065
482
150997
26327
12792
0
0
0
0
0
177
0
78716
603
0
202
2212
0
158
16977
295
6275
0
2523
291
0
188
82942
0
0
0
0
0
203
0
187
97761
262
209
449
0
371
484
158325
389
36911
0
1574
2677
1884
0
9797
450
0
0
0
319
235
26675
248
418
616
463
311
124
743
0
376
2621
265
1016
15215
0
368
0
310
0
0
0
1129
259
0
9723
260
121
441
56558
0
0
0
63113
482
47351
0
422
0
0
0
11636
15636
1175
366
0
577
439
0
375
271
1400
0
348
0
1075
0
1316
404
21505
0
0
0
0
137295
70602
269
0
9671
382
0
408
178
337
0
642
0
0
594
0
1255
3307
409
0
103
0
463
424
35804
314
9933
594
32519
1519
93223
238
0
0
0
0
268
97
538
1070
2741
0
21865
320
0
2366
360
170
198
9600
0
49046
120
285
320
0
1035
0
258
0
41963
0
0
1451
0
0
275
1907
9802
327
0
0
590
441
155
744
546
0
13122
466
355
0
5779
0
0
0
46547
343
0
783
0
13429
177
0
419
310
8915
0
0
0
15091
0
0
60699
532
0
189
7771
0
72396
449
0
147434
264
180
86847
18552
296
443
365
1069
154422
221
0
274
0
1315
18923
39486
16648
0
362
0
0
476
15020
712
0
154
591
171
3991
21935
376
0
2374
0
498
429
64998
0
348
459
0
252
0
12856
0
342
1341011
5295
5987
0
908
814
0
703
0
0
509
12797
186
179
0
0
144740
0
290
434
130118
135635
0
6796
1448
0
0
0
209
0
379
532
180
237
621
9434
716
36425
0
959
0
0
335
296
345
0
0
336
0
0
30253
0
0
0
8746
1039
0
0
191
183
382
6936
0
228
366
632
181
651
0
0
20044
643
176
2092
0
0
8821
0
2870
183
3052
0
11438
0
187
316
445
200
6864
1296
9757
333
190
579
0
350800
0
1242
1875
425
508
7879
0
0
0
225
326
3520
1671
504
0
498
7587
0
380
0
1086
0
12940
0
67069
947
0
54834
0
260
0
0
0
0
1285
313
11645
207
9493
2088
0
454
0
85
254
47833
99732
0
0
0
349
0
984
0
0
624
576
0
93159
30767
0
0
9507
3119
18097
6512
513
0
319
35339
319
564
0
0
330
359
0
0
21002
195
0
2527
0
27607
241
0
638
231
325
0
465
192
292
357
0
610
1155
0
123
0
0
358
0
0
4222
0
4833
0
0
0
0
396
0
0
564
0
80716
22823
7517
121
0
407
16377
0
440
122
207
110
0
370
23054
272
652
34431
14479
0
513
0
0
685
0
16652
26678
68297
209
0
250
424
431
431
0
222
0
377
253
154
0
336
1319
297
0
277
0
20705
0
0
3078
0
1497
41229
2382
0
716
501
525
1533
0
192
0
370
338
0
0
10461
394
0
174
359
386
316
0
502
0
0
861
409
0
544
0
0
30175
0
0
30114
281
388
0
0
0
0
0
0
42844
193
353
0
0
0
416
0
0
0
0
0
0
295
118
0
380
878
136
193
0
5348
0
17774
0
294
0
247
79648
364
0
12409
0
410
189
21933
0
0
0
0
0
514
183
133
258
434
1373
0
0
226
146
723
1685
1090
6430
0
0
1812
237
1223
155
363
534
0
0
211
0
2042
0
3828
404
0
378
0
0
0
390
0
229
0
0
0
0
493
0
0
213833
518
364
0
208
9257
17778
348
8536
0
7928
0
0
0
3493
7370
379
122185
0
124952
465
0
0
2508
275
717
251
0
149
2059
0
0
13170
351
0
389
115
1383
277
190
139313
11544
0
0
0
389
267
0
447
0
410
0
459
0
0
407
311
466
392
0
0
296
0
315
0
0
71016
342
0
452
0
153
0
24161
0
481
2674
90083
429
2750
203
385
422
268
0
0
685
24988
0
0
0
0
120
0
4743
0
25581
0
0
517
0
0
201
0
0
14784
238
287
3082
403
0
28917
0
0
5689
407
419
49056
0
0
0
360
0
0
0
0
0
0
26618
435
440
0
0
24579
0
71208
0
375
147
458
8796
7602
1844
2387
282
0
0
0
53832
0
318
0
5098
0
658862
540
207
0
314
395
343
0
257
322
729
172
67508
388
0
0
0
328
8391
0
15534
192
0
0
373
114148
332
0
422
1132
0
377
1610
271
460
0
555
174275
126994
0
666
543
862
157864
586
0
0
384
689
0
318
387
0
0
253
16582
338
459
0
305
525
568
44516
228853
400
0
498
0
0
0
1638
0
910
0
102387
0
100139
0
0
0
0
211
71388
181
0
14277
119314
0
363
0
200
682
62892
184
410
0
0
0
63697
129
344
0
0
104
0
2624
117616
1299
271
56585
0
369244
561353
8239
11817
372
0
727
0
0
3900
0
8568
397
341
450
1369
0
0
0
177
2291
0
412
150
215247
0
0
344
1409
71285
0
0
244
0
360
0
0
467
422
0
0
0
450
452
66073
495
0
479
120
0
589
0
93256
61767
37846
1011
13584
0
437
36747
11002
17824
0
8666
11610
0
0
0
348
427
435
0
389
0
337
4851
299
519
892
733
0
327
0
0
161
47592
0
4043
469
0
191
3349
90
354
0
408
19501
0
0
0
0
0
470
0
184
134218
165
16560
0
0
0
0
12680
0
5031
0
207
0
0
0
15756
202
0
0
0
0
13695
0
0
264
0
297
44961
326
0
0
0
503
66793
0
128
19225
4176
277
345
146802
363
336
0
0
358
291296
0
0
433
0
243
70820
576
234
0
2683
11905
311
0
0
264
45672
509
3082
3327
55779
7242
534
0
1326
0
38552
0
290
82606
0
18480
16728
345
253
228
462
47188
0
308
0
29514
8577
0
1506
0
3749
12810
75720
0
11624
29798
0
0
0
0
0
0
377
66617
606
7449
6928
0
1015
1028
0
9513
2614
0
559
0
0
1156
11193
897
316
0
228640
25602
0
499
520
0
43486
0
20813
197
280
193
52788
273
0
5158
45632
0
448
0
294
0
0
244
220
0
0
483
9022
40452
9753
159
3929
155847
9677
0
0
221545
0
2032
0
329
213
5202
0
4999
503
0
301
676
192
0
0
0
1890
0
0
64483
34487
51005
29104
318
13961
155
0
878
0
0
167
3322
11826
10725
434
0
65383
0
351
551
0
8184
954
74692
1202
0
0
1196
0
399
0
1840
19765
0
0
199
0
429
0
107397
0
423
757
398
0
0
80568
234
71536
378
213
0
424
0
1093
54607
0
0
0
0
140
356
14763
100314
345
858
53547
439
266
8934
18159
327
0
0
2825
2722
558
4428
329
244
0
739
443
127
302
2964
485
450
0
0
340
18480
308
314
0
254
924
40569
17581
0
444
485
324
686
92307
0
387
1440
0
107752
187
446
178
253
655
193
142
273
0
0
9714
257
314
64214
230
11651
1905
0
229
0
1228
0
47160
0
0
0
191
428
472
52658
0
216
20898
7977
0
0
538
640
216
0
363
4858
0
0
219
335
0
326
0
376
442
0
0
481
17854
0
0
33754
297
0
0
0
112777
525
622
203336
0
21457
5460
362
0
291
35916
157099
0
344
616
444
85325
0
0
1643
0
632
375
355
0
1420
0
0
50002
340
0
0
0
311
38268
323
507
0
0
0
0
0
9254
0
0
11957
0
766
430108
715
212
5921
77076
0
90
185
465
0
45156
7996
464
439
497
0
2222
0
383
581
0
0
0
497
0
0
6522
124760
110612
219
3428
0
0
330
0
424
121
373
4206
364
4370
273
0
5869
0
0
7413
0
366
185
0
0
6497
1009
157
344
399
0
0
403
0
0
343
350
21729
21214
0
0
226
4538
188
7377
542
248
528
609
168
70680
6210
290
0
0
2271
7178
0
322
314
0
2875087
0
0
31524
21968
5870
0
81896
0
3299
292
179
0
0
3542
432
297
809
0
756
205
215
464
518
4917
0
674
9559
11226
0
367
0
355
750
33633
293
0
2160
132
0
505
205
334
0
174
14403
855298
782
4925
189
0
339
0
0
0
0
340
183
425
0
291
0
0
10993
64026
331
377
0
779
15294
166360
0
643
0
0
272
418
303
168
0
0
0
5772
126
41191
0
0
0
316
288
0
0
194641
7228
720
0
471
7042
0
0
429
122
0
51973
199
0
184
36680
146
313
418
34321
536
0
0
541
10162
0
402
0
261
34679
0
0
60715
0
132
0
319
0
0
0
0
93986
645
572
54876
456
3095
11190
0
275
0
45653
19052
0
0
5295
0
289
0
395
2150
0
5166
858
0
212
460
0
0
449
9405
321
0
10044
482
236
330
3324
47919
259
422
0
2692
