0
239
24938
436
1002
656
8950
8288
13850
374
283
6927
7370
325
326
242633
6716
8742
10356
262
15438
392
347
26064
171035
299
492
31195
7820
9719
321
6884
365
16015
8987
23379
6982
8034
5941
502
345
13222
19978
7517
262
16418
40309
574
17091
33086
197
4435
302908
266
9561
14224
15942
229
16686
274
307
29785
11696
45699
28202
18261
196
21277
263
7745
550
10835
8880
14644
284
17756
7289
264451
8250
7621
11034
13737
6459
1012603
13528
8434
14859
8632
1056
270
1335
10063
12367
16832
30447
196
314559
12848
8963
13618
13642
17677
6580
438
20580
209
39125
17889
19005
17905
11843
348
8631
11455
334
4790
779
10073
17458
10178
22245
7322
30474
14125
7341
240
24432
20251
9837
20028
13545
239
3789
24773
9629
55573
12634
9942
10661
13894
40699
241
1332
15044
30424
11517
2851
11275
12236
28965
326083
19981
19386
11489
217757
13210
316
5043
28325
15742
7608
21319
6269
127568
15611
28286
390
13308
21647
18609
3826
1227
317
9237
24159
534662
20869
9503
21784
15193
37856
24604
17497
17600
13991
27511
48439
209
89126
25859
225715
28733
37960
19826
98636
476
11802
13397
18977
31185
33537
58418
56631
34274
29357
37553
40842
39725
12488
41625
7444
13576
13368
38900
11383
235
9926
38760
16241
29561
40586
283
43139
33229
14374
212049
4386
44459
167843
23483
210
17989
33228
15899
241
125938
8761
328
11770
184905
330744
59451
8029
11652
14747
15455
38651
118406
244
629
18488
51129
13634
19705
282
153447
66629
9905
482050
702
23484
250
23837
4717
11037
35540
28749
24464
12526
19463
618877
29506
269
30920
480899
13138
40310
12996
204
36228
49717
23442
7562
33597
30642
29403
240707
64347
24065
354
28117
22500
51880
1929
28165
39777
295
11051
9457
48380
23961
31883
23530
9149
19527
28348
41240
9217
18683
26017
48044
29318
22123
36917
24044
19548
54835
12635
27121
17687
29547
20736
89684
33595
28695
50394
23914
45782
23621
11464
250288
55028
28070
23260
152740
35779
18207
34785
32441
27889
64306
47018
14789
23286
16789
898082
10031
29359
29099
264
74154
15060
13162
17661
33009
37782
48047
208
23030
8253
188458
19103
364837
54601
16430
61095
17466
37027
60540
29284
12312
14343
34605
352
137723
51021
13730
30508
12937
162085
45863
42233
72412
31929
91272
265
22535
34352
48166
58133
39046
36402
16517
29251
24090
854775
12380
25846
57930
449842
19573
19346
28534
45025
32740
350
30401
32117
30383
257768
420
56352
495457
25281
573912
32857
24359
14997
78651
26290
14565
7769
159017
36067
257657
88913
88204
617557
24304
63853
24647
6907
3466
19324
61958
36482
61069
37302
94985
37749
327731
35587
25484
395292
35495
19369
51472
24265
39497
74155
11507
27753
419418
60291
94340
325
59578
556679
17266
26030
43078
32533
33282
60592
46669
26235
17870
74082
26114
53055
36600
1022247
26901
350494
91283
56779
40904
52718
32967
78801
67125
17444
17866
33139
42426
97569
24687
10974
244222
38181
44169
702584
59381
4539
58126
53467
10153
77825
53612
11849
40659
53166
12412
96405
31652
919460
307700
32759
30049
61443
37902
45621
396554
52068
325138
25399
56299
14024
67092
35435
40010
80293
26442
113762
37911
59167
510
80389
209353
37722
31286
75090
39367
46199
15613
102425
10672
7735
34686
61894
33496
60054
130189
579780
32089
292676
10729
45220
17936
135218
57209
38087
47190
40591
441121
30202
91109
216827
83395
73634
605447
29384
497358
31009
285
44793
17362
83115
35767
123937
49908
92883
30632
3594
101175
462105
52865
47896
51380
15608
141365
12759
419608
32354
17913
69181
1956487
57903
43312
22036
627523
30973
69349
35286
60177
46642
359379
66234
54884
58813
44440
418175
253095
227883
111840
90914
128169
64650
78643
20998
325
114547
44872
120386
59749
80827
36365
53853
36076
82721
85232
46769
99083
40010
47317
12304
36825
1075647
126169
8557
117988
85724
46265
65767
55930
462268
91569
49272
149169
48443
31985
21168
77419
43515
61678
49013
404
211742
55204
127070
79073
34238
42885
53344
210232
51253
410
182848
39655
42595
36459
150499
88625
83755
94293
41086
77190
25551
25257
344489
50365
428492
106502
35845
173302
81873
352102
52119
738648
83722
66316
55630
33013
62361
101059
189472
47274
96891
80149
404845
63046
30078
469055
270217
85826
56188
566969
62919
35936
226536
95438
1086209
489518
17167
93148
114786
107667
32273
292790
58118
923246
50473
110085
70152
158121
32890
491371
122968
132376
300134
187710
134426
66724
65276
247569
396678
702243
71927
34032
8807
41790
43001
100460
35859
60147
86300
71360
28028
49071
374027
72883
96899
507040
103516
37163
143916
596429
31347
41104
38198
41085
60041
24582
587374
88587
46064
71443
58554
333
148889
705759
98213
372157
325352
216922
66173
40274
191018
97218
12908
109274
75577
43660
360949
63334
62500
66637
110316
68703
8381
221398
85802
121328
63899
33844
89064
85436
61996
117492
54231
79724
90391
101770
55084
105834
59582
94360
30138
79218
47563
87629
147520
52063
64255
507631
218279
107763
120169
60093
64059
46389
134673
102321
54690
90293
507123
58339
84617
128361
129049
495505
97487
113912
107384
450937
116207
500428
79313
241376
147686
172118
81838
93036
148801
16484
245356
63921
138865
50899
136717
86099
70367
817382
87352
325511
532001
45185
109926
696707
57809
106005
59436
150127
59025
62899
171241
263440
92503
54400
103387
153155
254777
72704
19905
72796
146495
148305
455244
60261
54135
97949
65269
69617
154872
29276
30038
208053
379793
116967
118465
990185
1061625
86836
198504
125070
419365
72010
11449
10875
29325
100171
71045
27023
326
55346
51771
73603
129626
56525
64915
53218
94066
229710
237038
37780
64583
73219
216205
101777
62286
80006
176044
562652
890705
201243
873387
80115
130110
79258
25965
87720
140732
191204
1460496
201473
27470
225919
150564
260157
123485
67144
163298
44539
609659
68934
90931
232129
42462
112792
40172
192157
490010
94503
194737
178026
525585
43811
68970
148812
73332
495402
61680
79633
155611
49882
535658
125769
72499
174618
34317
70255
46038
82187
97575
159731
1067697
72823
47684
731034
429328
84632
660822
67401
882130
66124
32537
574194
151153
96091
15749
441314
76296
62164
73308
390839
23194
123833
206811
203019
78465
877053
85545
881252
83462
46180
159500
58391
39259
327188
147907
