0
261
559
200
29585
1604
712
9506
31796
226
24572
12002
11144
377
492
8683
7506
4001
5072
476
1637
7372
423
220
307054
11094
547
286
14605
167
319
30030
227
8039
3339
4021
388
8432
16355
13921
25203
246
306
21746
4072
746
3863
349
1149
353
3319
5366
20865
3814
202
391
167
2318
439
213
13167
13859
6778
47290
4831
269
148
559
3785
13147
554
521
649
398
218
11637
12142
48644
74874
29720
241
17976
35220
448
17847
229
28423
14349
4474
191
62828
431
258
14677
2867
210
13156
35048
18345
35926
398
511
288
659
565
8426
7572
284
22893
24674
261
18492
795
16294
21606
31021
29780
2983
9097
212
161
347
27669
1130
9954
300
407
4604
1252
10530
319
245
1036
6189
10540
25781
598
2845
240826
196
222
168
3624
243
11264
531
389
6423
2638
12192
68742
1189
290
3854
386
17744
337
34715
256
2836
22318
282
2155
4777
31722
37989
11859
307
186477
247
8814
15839
46724
367
26004
1698
5492
9990
254
1391
517
5503
3288
277
2669
700
354
186
16077
201101
13544
282
3761
8342
28027
1798
2063
370
662
2181
2022
3125
30825
311
401
185
982
3698
505
198
441
241
7541
7337
53428
2515
312
1066
16988
2313
21583
292
4277
4938
6445
236
349
6125
316
19171
14839
269
30020
2543
275
3457
14584
36071
8844
5645
2514
254
50320
114170
12777
670
31273
1321
216
56074
15662
3637
11548
326
928
24394
26265
303
27385
5012
6520
15941
2453
52471
359
29885
13447
18263
1103
10135
3441
34875
25017
159
10821
5583
15680
1624
742
23858
3171
92837
4145
196
741
7476
61396
16603
2635
505
499
26988
86310
17435
308
740
748
6544
4090
11579
7230
17671
274
12871
55599
9120
233
241
315
31839
990
5823
582
715
9239
213
276
31059
23550
22523
365
110701
431
1979
15548
35192
484
31066
4381
6192
6146
657
5975
32786
351
7340
1425
445
8676
7451
465
328
4909
290
184172
3735
147
169
24849
1332
447
1149
4930
17726
223222
1198
1460
166
17845
12053
1702
20088
15690
20628
431
1368
7237
79249
10010
13902
18591
669
11536
2806
328323
1337
374
2221
2779
70562
501
10774
277
4250
8641
2690
23390
308
422
323
40024
1109
10393
179
6730
20523
267
116665
3549
716
1428
11133
14499
69532
12286
37161
38046
53617
9298
14907
801
10480
17711
18033
810
192
44258
186
9583
60836
2013
8596
17022
39506
23553
32560
43644
198
70727
10423
7086
423
50295
210
21862
22552
214
169
37036
14609
25423
634
33807
11496
444
8525
12885
190
17998
28709
4821
69702
485
290
15461
4621
347
12990
94470
768
5740
377
1226
233
22783
534
9177
15784
414
33498
9981
10758
66244
5252
10579
2043
100383
1286
821
413161
23916
26339
1778
250
3060
28685
44168
23438
1069
260
7187
15523
42317
7511
58412
48679
20417
24751
34671
6410
22372
333
1126
10970
23248
7717
242
337
1730
148514
57645
6119
7619
5957
8828
877
16109
50123
211
12820
5407
43383
30002
11967
1800
337
229
1802
29462
14328
18963
468
214
4951
44478
12440
67452
353
27818
4296
6118
38409
50626
13061
187
23104
22441
6002
199896
765
6714
39484
5087
12251
1219
33990
1213
1623
10808
222236
2498
2695
3478
6373
14411
37381
4189
12596
18424
1756
17086
1181
22006
20871
27179
2517
106362
664
5037
18992
811
3593
278
22320
12216
303
318
6096
451411
9606
480184
48574
2447
16149
29003
18586
425
25497
78694
6574
7883
16092
3626
1439
5916
206322
421
22640
21773
7557
176
766
16403
9173
30565
20877
3549
8011
14275
45045
19726
10635
21106
3371
4001
4311
56913
25508
19210
19073
1523
3677
393
276
36452
4217
49372
88677
1436
27851
282
49866
32275
460
10167
217
3415
8684
264
3393
5915
60612
22997
1378
23312
34943
31814
359
9791
18951
2726
876
10262
144228
434
8592
16542
557
69158
16809
79980
2889
14408
305
614
519217
879
311
825
1849
18910
871
15873
20494
614
18778
2397
4582
11103
12965
274
1165
24015
297884
276
6917
217
255
50755
6595
6973
26921
13527
29829
1879
1082
301
20957
35888
33946
19098
2038
321
35439
248456
11002
34254
17756
468
6442
1744
1912
35224
12295
5711
22144
647
2164
13310
21419
2565
29000
5525
871
26142
7815
43022
454
8244
7362
1267
2330
22406
3763
2887
133793
2978
1721
23816
9376
19420
25052
381
3014
17659
8374
12813
32851
858
3717
9123
296
6031
12763
211
16224
260
3633
15633
7465
8636
3027
1122
12818
19947
52757
14642
19231
11628
18663
14364
6482
103577
4489
5448
479
17521
1317
4513
20773
17948
1585
23275
49625
3695
3642
27829
3072
401
3467
7434
8234
7837
29721
3555
43600
3993
19403
43078
56753
474
14313
12983
23189
49275
10465
919
53419
164
563
65160
4072
47068
4096
478
1119
4720
19152
616
10844
5493
20653
4333
57239
21760
21753
2963
12595
4877
24155
34099
254
1324
38385
27166
2163
13432
639
3370
31320
15645
246372
2675
7612
278
28882
23199
3761
62293
32058
751
9386
9328
50061
277825
1654
230
8123
12538
434
638
31900
23631
587
156
4950
34667
284664
5294
1301
27745
7543
25537
1312
6137
18858
4637
223277
23520
11720
5572
16438
4957
305
28944
10425
4167
1024
18942
9641
18831
23419
474
11034
1080
12034
16810
28689
33530
10223
119516
3975
8794
27864
13443
16443
15536
8742
13011
454
15732
730
12308
10804
24901
17283
17260
1268
209
12236
96401
39560
5538
357529
19297
15080
33735
7311
5438
42214
11272
32541
282
15397
30224
1061276
373
7394
30818
22089
37433
37537
26988
296
20469
41761
29843
10178
24020
12882
838
24044
529
83138
8235
2233
17531
31066
877
530
2034
17137
40138
1142
3470
40822
5447
73900
1239
1026
5874
3372
6095
10060
15739
1898
30349
5995
5260
34814
13938
289
22563
5489
36105
13379
1976
6642
11877
30509
