0
12608
180
14084
294
198
51514
8167
4903
205
1832
168
18906
236
12141
195
254
290
38515
26620
2936
28339
14199
366
1642
27056
15764
3680
13173
27853
369
17723
3044
3427
216
893
12578
13689
182
335
949
6474
418
216
17046
12377
17588
11624
1232
1847
15728
12514
513
48722
80949
47561
214
15404
8520
283
47209
279345
3177
266
9815
8258
929
38141
17391
15466
11530
16790
8184
5829
11758
583
433
1738
2768
16665
16407
200
13835
30876
3663
218
27077
2200
22845
11617
8830
386
452
230
295
3981
19071
7087
1952
42099
1534
1088
16001
244
2877
8023
10988
1396
312
19579
1727
23031
29395
299
2267
25790
1464
234
3692
19328
1357
322
555
167
518
3421
16034
211
822
19890
470
11321
301
280
18546
5153
6104
10697
21004
964
300
13419
496
75179
4293
6361
8888
428
14206
1377
24843
30639
8408
216
124407
24994
202
44859
311
34591
22833
17638
5894
15976
14238
616
1227
36195
33475
12720
643
571
7750
894
200
14571
565
33910
230
263
286
1232
2269
905
25387
30455
306
26290
14457
853
465719
2329
58726
42272
15691
3841
15565
6146
29806
368
16450
11749
24964
10706
531
8580
16914
3361
46358
1501
158259
12858
7845
444
2012
26034
5711
34269
7590
7624
293
43949
5105
4340
187292
528595
5561
428846
16914
325
6155
2235
26640
319
16642
24165
15446
1812
387
327
70147
28608
14239
307
10365
21476
4170
195
318
615
309
13828
155
6485
652
57286
410
1297
375
8827
301
17149
336
328
710
4418
131540
1033
258
327
24267
9205
565
631
3152
2480
443
431
625
15615
6077
416
5705
20412
359
42699
694
18290
269
385
11208
11934
370
272
1203
37296
4832
279
439397
1218
43809
517
10412
24760
70275
13476
7294
5473
12110
16559
18368
4984
326
504
605
19860
15365
789
35348
408
14705
386
25171
34116
59343
11088
606
19332
19984
10670
3000
29966
28824
35736
15983
258
4669
22863
3608
37368
95570
303
17088
331
18751
2556
19618
422
2950
406737
8498
29933
3695
1279
22613
276
20809
361
637
21209
23825
945
30946
2469
226
19268
3695
32212
8354
5348
935
391
6967
20054
17820
8108
8518
37299
44126
9597
549
830
360
320
874
23558
12325
17948
22870
255
1080
1342
5348
32932
221011
4817
5695
287
318
559
11388
18912
21435
29392
36297
10802
269
78134
9433
14628
110725
15492
4208
1860
8442
120233
1696
8619
9354
217672
20324
24261
39154
28549
6016
963
268
17726
2240
24860
833
12050
566
45265
329
29704
10689
1834
15879
812
18636
53599
13719
7126
9402
308
8581
39184
12121
1636
15627
44789
496
14423
24475
710
298
4982
25745
41811
87978
262
9666
10258
1010
18050
6588
1626
727
13579
60834
427
574
20971
9225
8811
17165
22399
8217
928
20144
44188
1232
1086
14000
390
28071
448
109636
18280
2794
2859
19396
440
3015
12296
22927
24668
3108
404
29224
374
9121
1935
4318
5848
20739
1352
2986
24414
54103
224
6537
272
1639
1736
5453
7347
15371
22209
171855
389
12683
9969
292013
23112
3863
66421
1990
57587
4703
7605
22504
555
22976
29605
8538
57136
619
7434
3056
4782
285
5538
3153
535
59739
679
5618
2214
266
10946
35357
9296
11698
12795
454
15887
7117
14860
10308
12881
421
514446
954
18026
42696
34782
12310
133201
2175
5636
272
44095
39119
277
332
4191
399
318
24228
23746
107097
12487
2885
19655
125293
470
37519
19749
1473
22844
4272
15924
2435
257
2262
3805
17461
13852
946
41000
21558
2033
7833
726
18299
14993
3405
377
14580
15251
31966
23063
231615
38277
12881
1980
573
36702
25342
19378
7501
6909
15269
2892
607
250139
207
40824
1739
22296
10016
414
279
61173
378
14995
8263
431
10502
533
10713
34254
7650
634
23672
21912
8098
37578
24598
12160
38969
399
1359
15036
5128
26821
1152
4707
1369
7123
19361
67827
9407
1051
11893
275
257
28459
11502
19439
250787
447
11079
478
20872
195
2817
3831
6276
33893
7970
12307
13834
15542
35228
2289
2142
420
390280
15053
96691
32266
101643
4469
27603
2661
19983
392
21930
2908
25813
29188
1630
17106
2067
16799
3257
13195
454
30518
48117
33342
5643
16697
23255
15712
7245
352
2109
2088
17790
393159
3011
73333
5474
240
511
6250
27160
13528
14526
21874
4731
5797
13772
623
32110
1816
285
571
45826
15036
6643
3780
4039
2154
400
11212
324
1459
524
1385
4138
25009
32335
19797
4616
41167
33381
248
15051
21320
554
15220
16173
70484
42786
36731
17466
4652
5862
19443
9996
1503
16675
13186
420
17384
16762
33538
3190
33961
25491
8852
20109
42616
43812
1457
237
15560
19020
1813
1328
1375
324
1319
16068
7096
23645
31082
57099
16800
30184
12034
1585
1006
880
32318
26118
237946
31861
2106
19434
7355
28879
17747
26274
2128
413758
8109
7269
103912
1579
168059
23167
2249
47173
49373
21458
2055
82283
9570
17459
8599
22991
1885
9233
2550
53701
971
2071
488
2197
239
1212
25158
485
29749
13570
2785
3928
655
55298
16540
9218
299
409
18789
10634
5189
765
326
1812
23667
322
14252
1449
804
8220
144920
15641
20744
5639
60332
7817
90659
696
11648
2238
713
1416
1760
11595
4273
2815
326
10789
1103
12255
16498
32512
41652
26781
18839
946
4896
3186
11014
13342
155737
1613
18129
90188
608
1125
2761
20324
14592
14114
229
10725
356
51676
19073
33417
601
13802
1257
5264
635
30722
484
5318
594
18325
2372
5220
14276
415
6576
28836
397
23186
20896
9540
394
40193
40864
9273
305
58321
9795
1442
72772
29160
29002
1091
8973
400
3783
60173
2288
605
11827
26293
3195
40024
30525
13065
7256
11327
14509
329
13362
8665
44081
9845
50162
4423
6691
610
6757
34319
14783
415
24820
41887
4575
6009
12848
5689
760
460757
428
174355
68578
7356
340
2353
2145
6538
13021
9903
727
17939
72951
7641
611
