0
6544
220
15590
14512
447
3848
5752
407
16641
314
2756
17353
17233
15399
10227
12300
12293
36952
766
7846
7680
411
637
5358
343
13596
23335
318
9970
16891
359
544
24421
16417
12598
417
630
263
664
242
423
371
197
20003
11333
10033
24188
6903
13474
290
33479
31295
7938
4794
18101
229
1730
174959
15207
17915
649
8289
25722
12993
12208
4872
9423
396
354
14630
11730
7814
480535
19824
10393
388
15701
181609
11127
13477
6008
8592
1226
10664
6633
24979
22197
11354
373
18351
26875
9693
15488
779881
8443
18976
10147
20846
8252
346
47167
529
19962
24977
18994
293
21153
13080
214
5842
284
10700
50307
262
112641
519
37469
7265
27949
21446
11979
33667
196
14844
31929
86062
297
617
877
25180
49839
8545
604
24786
403
25868
258450
6330
15068
11374
9000
13913
2094
11682
290
10907
19868
32188
23981
10622
13024
80929
17870
2592
379423
6984
11275
20161
344
23157
32491
11446
12967
6144
28352
19721
28357
383
36138
39355
754
42961
15155
12023
11791
190284
17414
12754
21203
6171
73755
14660
1067
8603
10012
19433
15306
8784
19573
32796
51567
10579
11270
36672
9266
12490
752980
226
7655
18524
9191
4774
50995
2828
38560
29798
223
295507
10665
30294
21861
13499
440820
52486
260
363
6668
13524
23297
80539
34088
138171
21335
398
34990
9696
39755
7270
26569
106907
91239
45696
12292
46884
16916
15146
30659
21847
24034
19969
27488
10696
481
36432
30120
227539
209
43694
49251
594176
1272
235
51601
18806
21153
39092
22133
17654
22750
28047
7987
11663
366
29448
7172
515
307872
27525
29874
30652
386
32118
56469
64119
42120
35368
343
15350
26884
15709
9672
47764
39736
41261
107135
12081
28822
47846
67999
5397
9882
4475
16629
8081
38074
19740
48892
10717
31019
30890
7698
30258
14517
21457
19618
11383
8376
10233
115006
4158
16685
19623
30461
14872
44649
23505
26899
9193
30384
29286
11010
23229
11865
33787
622
41783
11737
40678
28099
8846
44146
661926
11524
19200
10549
46577
34896
9991
50154
22521
11668
67148
56717
41585
13233
39082
70501
17549
51053
15306
33207
30378
17626
21587
346261
36801
53195
28492
37376
39140
18482
36568
41362
11093
20116
6999
58387
41923
600
26789
14116
33841
12133
38389
15681
45991
8812
58657
48042
58772
16817
16311
58583
23504
42999
20307
175175
28293
21373
458673
12878
9631
1072
2766
26051
102403
15822
70275
28377
18593
30873
5899
81124
9572
27089
14480
28355
36463
39153
47365
303
16461
22935
45756
18018
16854
18525
26391
336
51964
62853
84198
76461
13568
23445
9530
34151
10251
19199
36864
74926
15803
21181
68874
393336
26374
18968
49608
35040
48145
27477
32220
19319
25714
21406
22104
17942
90069
86971
467
17721
12219
37423
9130
39605
53660
40829
50093
478
17703
223
51224
350411
24577
65147
30123
16757
10214
70779
12741
77931
37196
61731
207727
66942
33077
23064
29819
50736
54729
13536
70183
16132
16064
15579
35058
48708
19728
358561
17026
134697
56346
70597
38459
66852
18373
23956
625
5280
54099
659814
56616
18865
27769
40798
247
27125
9809
20228
20380
65563
36369
20810
36491
42182
45896
13625
72240
243817
28519
47133
44647
302821
12157
99734
63281
18635
18677
25518
17649
597816
394268
64408
60788
21167
44718
27800
41545
62440
41201
33985
29950
189324
91044
169583
798
75721
66776
4584
40868
31510
77494
88914
59249
163303
38598
40874
90434
26944
73605
22746
144069
328862
35130
38132
81897
38465
26054
9536
13861
54382
21349
13408
49519
24844
52237
52051
419059
119116
8277
4439
40754
64831
687845
37421
77850
40193
45168
22100
48375
47281
248685
69213
52760
54403
50403
557265
101168
36168
58174
26119
35125
36143
52120
29992
7143
6283
153243
137723
137805
54958
27684
68890
77134
29092
65772
64336
57847
27901
88117
48723
68439
16530
272625
37394
352098
363781
43958
56213
51513
68721
115646
66491
29419
92950
45225
109993
127335
9777
88465
34522
215359
32176
60053
344
23549
27064
45839
28118
25988
15272
128055
56371
439
51853
43532
469705
65722
97026
59422
283954
118549
41184
83513
269442
31563
127412
23349
17605
254510
55926
86740
75128
226706
113111
49314
37536
93199
102501
72713
551
65710
76708
46778
47590
99617
14709
48082
411202
26582
28316
176207
642699
75786
23358
94080
147642
36412
15425
152297
49375
84041
73091
14915
94591
166704
27604
44910
94515
96833
40657
35488
88050
31581
69089
39586
157204
13316
83245
14653
87557
35600
58903
270747
64907
121376
59953
135276
122344
31884
42945
30500
92072
86540
111030
44123
86938
48869
99731
81656
45541
87368
64447
42562
317781
61632
52304
102323
284356
99424
21159
817947
165576
116865
67910
115397
63223
310369
371928
75226
140906
69210
101847
146720
262560
1163593
97545
203958
63308
60616
38029
73812
155646
23078
83630
702229
115676
54809
112497
221751
50151
152504
34795
75273
35302
50796
79674
28529
67757
24817
328485
745536
88758
118256
20835
79927
56699
42441
53175
83712
47212
100108
43454
104218
42299
67730
69491
77751
1044379
46010
549161
163823
49745
27877
224037
118137
36398
53602
348138
432246
98037
43875
61181
104376
160218
89941
111252
44853
45126
919611
82320
171015
27614
52076
69409
116254
121587
100322
76779
35104
130337
54812
83385
86215
30188
111904
62345
43467
111287
579976
400
265140
111674
46160
46150
66733
828720
89071
170636
106745
89861
475092
91403
15429
30414
112506
89768
191461
93014
45061
51521
143306
125317
172611
73516
115187
80653
76527
18823
45946
460021
43581
106294
237153
107367
103983
65247
114632
73903
446050
551729
86906
66124
6506
295045
414889
2576528
136144
194918
950537
50180
47963
68836
38719
86557
88162
71270
24586
69603
159188
32217
45836
742821
164845
90040
91741
271
74791
94995
465696
39077
220064
93545
71804
100480
174867
53023
74543
105144
185072
119078
379821
93039
208351
269967
79162
71950
85852
117638
61828
76745
565767
87431
82516
244514
79938
53987
79982
112768
125217
141451
36944
124009
139950
302196
156516
41475
126953
1411864
47345
150307
57757
74550
101194
107832
1287156
165879
71587
157016
102561
182868
105545
79496
95085
403284
82516
57427
381796
92614
1020950
131566
347147
115429
72283
112632
155718
65251
28443
171199
54257
91824
78982
66492
201511
75251
97927
133700
49054
490377
